steer	throttle	manflag	dsx	dsy	bs	aflag	t	Gr	Ax	Ay
0.12385375797748566	0.23999999463558197	True	0	0	12	True	500.6510009765625	-7.080078125	0.3945794701576233	1.041833519935608
0.12385375797748566	0.23999999463558197	True	0	0	12	True	500.6549987792969	-5.18798828125	-0.5179229974746704	-0.13591736555099487
0.12385375797748566	0.23999999463558197	True	0	0	12	True	500.6610107421875	-2.44140625	-1.1424243450164795	-1.4190490245819092
0.12385375797748566	0.23999999463558197	True	0	0	12	True	500.6659851074219	-1.77001953125	-1.3537847995758057	1.6088544130325317
0.12385375797748566	0.23999999463558197	True	0	0	12	True	500.6709899902344	-3.0517578125	-0.19220031797885895	2.294428825378418
0.12385375797748566	0.23999999463558197	True	0	0	12	True	500.6759948730469	-5.55419921875	-1.0112969875335693	0.4688250720500946
0.12385375797748566	0.23999999463558197	True	0	0	12	True	500.67999267578125	-7.14111328125	-0.2442919909954071	-0.9687854051589966
0.12385375797748566	0.23999999463558197	True	0	0	12	True	500.6860046386719	-9.09423828125	-0.3089575171470642	-1.960323452949524
0.12385375797748566	0.23999999463558197	True	0	0	12	True	500.6910095214844	-8.85009765625	2.3513104915618896	1.1597882509231567
0.12385375797748566	0.23999999463558197	True	0	0	12	True	500.6960144042969	-7.4462890625	2.81414794921875	2.9608428478240967
0.12385375797748566	0.23999999463558197	True	0	0	12	True	500.70098876953125	-5.4931640625	0.36643800139427185	2.2010228633880615
0.12385375797748566	0.23999999463558197	True	0	0	12	True	500.7049865722656	-5.9814453125	-1.1993060111999512	0.8723858594894409
0.12385375797748566	0.23999999463558197	True	0	0	12	True	500.71099853515625	-6.9580078125	-0.7598199248313904	0.6340814232826233
0.12385375797748566	0.23999999463558197	True	0	0	12	True	500.71600341796875	-6.04248046875	-0.8214917182922363	-0.48738646507263184
0.12385375797748566	0.23999999463558197	True	0	0	12	True	500.72100830078125	-5.859375	0.34787657856941223	0.10418334603309631
0.12385375797748566	0.23999999463558197	True	0	0	12	True	500.72601318359375	-5.79833984375	0.055684205144643784	2.4183709621429443
0.12385375797748566	0.23999999463558197	True	0	0	12	True	500.7300109863281	-4.69970703125	-2.1201910972595215	0.3945794701576233
0.12385375797748566	0.23999999463558197	True	0	0	12	True	500.7359924316406	-5.615234375	-2.038161516189575	-0.2101629674434662
0.12385375797748566	0.23999999463558197	True	0	0	12	True	500.7409973144531	-5.37109375	-1.7387841939926147	1.0202783346176147
0.12385375797748566	0.23999999463558197	True	0	0	12	True	500.7460021972656	-4.69970703125	-1.6759148836135864	4.5762834548950195
0.12385375797748566	0.23999999463558197	True	0	0	12	True	500.7510070800781	-4.2724609375	-1.2142748832702637	0.3694317638874054
0.12385375797748566	0.23999999463558197	True	0	0	12	True	500.7550048828125	-4.69970703125	-0.17543518543243408	-1.742376685142517
0.12385375797748566	0.23999999463558197	True	0	0	12	True	500.760986328125	-5.31005859375	-0.49217650294303894	0.36763548851013184
0.12385375797748566	0.23999999463558197	True	0	0	12	True	500.7659912109375	-5.2490234375	0.8208929300308228	0.410147100687027
0.12385375797748566	0.23999999463558197	True	0	0	12	True	500.77099609375	-3.173828125	1.6172369718551636	0.6538403034210205
0.12385375797748566	0.23999999463558197	True	0	0	12	True	500.7760009765625	-1.03759765625	-1.0855425596237183	0.18142272531986237
0.12385375797748566	0.23999999463558197	True	0	0	12	True	500.7799987792969	1.03759765625	-0.47660887241363525	0.3604504466056824
0.12385375797748566	0.23999999463558197	True	0	0	12	True	500.7860107421875	0.42724609375	0.016166381537914276	-0.23531067371368408
0.12385375797748566	0.23999999463558197	True	0	0	12	True	500.7909851074219	-2.50244140625	1.5890954732894897	0.6340814232826233
0.12385375797748566	0.23999999463558197	True	0	0	12	True	500.7959899902344	-4.21142578125	-0.014370117336511612	0.004790039267390966
0.12385375797748566	0.23999999463558197	True	0	0	12	True	500.8009948730469	-3.90625	-2.00822377204895	-1.0585986375808716
0.12385375797748566	0.23999999463558197	True	0	0	12	True	500.80499267578125	-2.5634765625	-1.2358300685882568	0.19160155951976776
0.12385375797748566	0.23999999463558197	True	0	0	12	True	500.8110046386719	-1.03759765625	-2.50339412689209	1.537003755569458
0.12385375797748566	0.23999999463558197	True	0	0	12	True	500.81500244140625	-2.44140625	-0.02694397047162056	0.8807684183120728
0.12385375797748566	0.23999999463558197	True	0	0	12	True	500.8210144042969	-5.37109375	0.8274792432785034	-1.1059002876281738
0.12385375797748566	0.23999999463558197	True	0	0	12	True	500.82598876953125	-8.97216796875	-0.03832031413912773	-0.21854552626609802
0.12385375797748566	0.23999999463558197	True	0	0	12	True	500.8299865722656	-9.765625	0.5538482666015625	0.6951544284820557
0.12385375797748566	0.23999999463558197	True	0	0	12	True	500.83599853515625	-9.09423828125	1.457369327545166	2.0321741104125977
0.12385375797748566	0.23999999463558197	True	0	0	12	True	500.8399963378906	-7.50732421875	-0.6855743527412415	2.7895989418029785
0.12385375797748566	0.23999999463558197	True	0	0	12	True	500.84600830078125	-6.8359375	-0.8310717940330505	2.806364059448242
0.12385375797748566	0.23999999463558197	True	0	0	12	True	500.85101318359375	-6.7138671875	-0.7232959270477295	-0.5837860107421875
0.12385375797748566	0.23999999463558197	True	0	0	12	True	500.8550109863281	-8.23974609375	-0.5933660864830017	-0.2981799244880676
0.12385375797748566	0.23999999463558197	True	0	0	12	True	500.8609924316406	-9.033203125	1.9627184867858887	1.5334112644195557
0.12385375797748566	0.23999999463558197	True	0	0	12	True	500.864990234375	-10.80322265625	-0.4394860863685608	2.187251567840576
0.12385375797748566	0.23999999463558197	True	0	0	12	True	500.8710021972656	-10.92529296875	-2.5884172916412354	0.6472540497779846
0.12385375797748566	0.23999999463558197	True	0	0	12	True	500.8760070800781	-12.3291015625	-0.42631348967552185	0.9783654808998108
0.12385375797748566	0.23999999463558197	True	0	0	12	True	500.8800048828125	-11.1083984375	-0.7490423321723938	1.9537371397018433
0.12385375797748566	0.23999999463558197	True	0	0	12	True	500.885986328125	-9.521484375	0.2742297351360321	2.1327648162841797
0.12385375797748566	0.23999999463558197	True	0	0	12	True	500.8900146484375	-9.27734375	1.4364129304885864	0.6831793189048767
0.12385375797748566	0.23999999463558197	True	0	0	12	True	500.89599609375	-12.26806640625	0.5616320967674255	1.1759545803070068
0.12385375797748566	0.23999999463558197	True	0	0	12	True	500.9010009765625	-14.404296875	-0.08562194555997849	0.48618897795677185
0.12385375797748566	0.23999999463558197	True	0	0	12	True	500.9049987792969	-14.892578125	1.0095007419586182	0.9550140500068665
0.12385375797748566	0.23999999463558197	True	0	0	12	True	500.9110107421875	-11.71875	0.987945556640625	0.8717871308326721
0.12385375797748566	0.23999999463558197	True	0	0	12	True	500.9150085449219	-8.9111328125	0.9095086455345154	0.8292754888534546
0.12385375797748566	0.23999999463558197	True	0	0	12	True	500.9209899902344	-6.9580078125	-0.6035449504852295	1.4777270555496216
0.12385375797748566	0.23999999463558197	True	0	0	12	True	500.9259948730469	-7.080078125	-0.8669970631599426	1.5849041938781738
0.12385375797748566	0.23999999463558197	True	0	0	12	True	500.92999267578125	-8.11767578125	0.2832110524177551	0.680784285068512
0.12385375797748566	0.23999999463558197	True	0	0	12	True	500.9360046386719	-7.99560546875	-0.7095245122909546	0.015567626804113388
0.12385375797748566	0.23999999463558197	True	0	0	12	True	500.94000244140625	-7.01904296875	-1.892065405845642	-0.9448351860046387
0.12385375797748566	0.23999999463558197	True	0	0	12	True	500.9460144042969	-6.04248046875	-1.552571415901184	-0.3005749583244324
0.12385375797748566	0.23999999463558197	True	0	0	12	True	500.95098876953125	-5.67626953125	-1.251397728919983	1.0256670713424683
0.12385375797748566	0.23999999463558197	True	0	0	12	True	500.9549865722656	-6.16455078125	-1.5334112644195557	-0.728684663772583
0.12385375797748566	0.23999999463558197	True	0	0	12	True	500.96099853515625	-7.14111328125	0.11795470863580704	-0.42092469334602356
0.12385375797748566	0.23999999463558197	True	0	0	12	True	500.9649963378906	-7.6904296875	2.466870069503784	0.4083508253097534
0.12385375797748566	0.23999999463558197	True	0	0	12	True	500.97100830078125	-7.75146484375	3.055446147918701	1.087937593460083
0.12385375797748566	0.23999999463558197	True	0	0	12	True	500.9750061035156	-6.4697265625	0.9532177448272705	1.960323452949524
0.12385375797748566	0.23999999463558197	True	0	0	12	True	500.9800109863281	-6.34765625	-0.028141479939222336	2.525547981262207
0.12385375797748566	0.23999999463558197	True	0	0	12	True	500.9859924316406	-8.544921875	-0.37781432271003723	0.6460565328598022
0.12385375797748566	0.23999999463558197	True	0	0	12	True	500.989990234375	-12.8173828125	-0.5646258592605591	0.45265868306159973
0.12385375797748566	0.23999999463558197	True	0	0	12	True	500.9960021972656	-13.3056640625	0.5370831489562988	-0.17783020436763763
0.12385375797748566	0.23999999463558197	True	0	0	12	True	501.0	-10.498046875	-1.0496172904968262	1.3639636039733887
0.12385375797748566	0.23999999463558197	True	0	0	12	True	501.0050048828125	-6.28662109375	-0.7274872064590454	-0.1293310523033142
0.12385375797748566	0.23999999463558197	True	0	0	12	True	501.010986328125	-7.01904296875	-2.363884210586548	-0.12334350496530533
0.12385375797748566	0.23999999463558197	True	0	0	12	True	501.0150146484375	-8.544921875	-0.8807684183120728	1.3591735363006592
0.12385375797748566	0.23999999463558197	True	0	0	12	True	501.02099609375	-7.6904296875	-2.0106189250946045	1.8974542617797852
0.12385375797748566	0.23999999463558197	True	0	0	12	True	501.0249938964844	-5.0048828125	-1.2304413318634033	2.1225860118865967
0.12385375797748566	0.23999999463558197	True	0	0	12	True	501.0299987792969	-5.37109375	0.3155438303947449	1.1088939905166626
0.12385375797748566	0.23999999463558197	True	0	0	12	True	501.0360107421875	-7.8125	0.1293310523033142	1.0250684022903442
0.12385375797748566	0.23999999463558197	True	0	0	12	True	501.0400085449219	-9.27734375	1.9507434368133545	-0.15208373963832855
0.12385375797748566	0.23999999463558197	True	0	0	12	True	501.0459899902344	-9.27734375	1.5992742776870728	-0.8999285697937012
0.12385375797748566	0.23999999463558197	True	0	0	12	True	501.04998779296875	-6.34765625	-0.8574169874191284	0.3736230432987213
0.12385375797748566	0.23999999463558197	True	0	0	12	True	501.05499267578125	-4.5166015625	-0.7921527028083801	0.5257067680358887
0.12385375797748566	0.23999999463558197	True	0	0	12	True	501.0610046386719	-3.41796875	0.6418652534484863	0.5873785614967346
0.12385375797748566	0.23999999463558197	True	0	0	12	True	501.06500244140625	-5.43212890625	-0.4891827404499054	0.5394781231880188
0.12385375797748566	0.23999999463558197	True	0	0	12	True	501.0710144042969	-7.62939453125	-0.678389310836792	0.3185375928878784
0.12385375797748566	0.23999999463558197	True	0	0	12	True	501.07501220703125	-8.11767578125	-0.890348494052887	-0.260458379983902
0.12385375797748566	0.23999999463558197	True	0	0	12	True	501.0799865722656	-5.615234375	-0.8436456322669983	-0.9574090838432312
0.12385375797748566	0.23999999463558197	True	0	0	12	True	501.08599853515625	-5.37109375	-0.2742297351360321	-1.117875337600708
0.12385375797748566	0.23999999463558197	True	0	0	12	True	501.0899963378906	-7.99560546875	-2.1591100692749023	0.760418713092804
0.12385375797748566	0.23999999463558197	True	0	0	12	True	501.09600830078125	-8.60595703125	-1.5938855409622192	2.414778470993042
0.12385375797748566	0.23999999463558197	True	0	0	12	True	501.1000061035156	-6.77490234375	0.8747808933258057	-0.6310876607894897
0.12385375797748566	0.23999999463558197	True	0	0	12	True	501.1050109863281	-6.53076171875	2.2423369884490967	0.08442443609237671
0.12385375797748566	0.23999999463558197	True	0	0	12	True	501.1109924316406	-7.14111328125	1.925595760345459	4.499642848968506
0.12385375797748566	0.23999999463558197	True	0	0	12	True	501.114990234375	-7.14111328125	-0.06346801668405533	2.005230188369751
0.12385375797748566	0.23999999463558197	True	0	0	12	True	501.1210021972656	-8.30078125	0.6903643608093262	0.4544549584388733
0.12385375797748566	0.23999999463558197	True	0	0	12	True	501.125	-11.29150390625	-0.003592529334127903	-0.03832031413912773
0.12385375797748566	0.23999999463558197	True	0	0	12	True	501.1300048828125	-14.7705078125	1.6854950189590454	1.277742862701416
0.12385375797748566	0.23999999463558197	True	0	0	12	True	501.1340026855469	-16.54052734375	1.8489550352096558	2.9285101890563965
0.12385375797748566	0.23999999463558197	True	0	0	12	True	501.1400146484375	-12.63427734375	-0.7688012719154358	0.848435640335083
0.12385375797748566	0.23999999463558197	True	0	0	12	True	501.14599609375	-11.474609375	-2.6093738079071045	-0.28740233182907104
0.12385375797748566	0.23999999463558197	True	0	0	12	True	501.1499938964844	-14.46533203125	-1.0160870552062988	1.8441650867462158
0.12385375797748566	0.23999999463558197	True	0	0	12	True	501.1549987792969	-14.2822265625	-0.34667909145355225	0.9693841338157654
0.12385375797748566	0.23999999463558197	True	0	0	12	True	501.15899658203125	-12.0849609375	-1.3723461627960205	2.224374294281006
0.12385375797748566	0.23999999463558197	True	0	0	12	True	501.1650085449219	-11.23046875	-0.06406677514314651	1.0460247993469238
0.12385375797748566	0.23999999463558197	True	0	0	12	True	501.1709899902344	-11.41357421875	1.1681708097457886	1.481319546699524
0.12385375797748566	0.23999999463558197	True	0	0	12	True	501.17498779296875	-13.00048828125	2.3776557445526123	1.7232165336608887
0.12385375797748566	0.23999999463558197	True	0	0	12	True	501.17999267578125	-13.5498046875	2.69439697265625	-0.13172607123851776
0.12385375797748566	0.23999999463558197	True	0	0	12	True	501.1839904785156	-12.0849609375	-0.12394226342439651	-0.0011975098168477416
0.12385375797748566	0.23999999463558197	True	0	0	12	True	501.19000244140625	-8.6669921875	-1.3364208936691284	0.5346881151199341
0.12385375797748566	0.23999999463558197	True	0	0	12	True	501.1960144042969	-5.67626953125	-0.5742059350013733	1.4058765172958374
0.12385375797748566	0.23999999463558197	True	0	0	12	True	501.20001220703125	-5.615234375	0.40056702494621277	1.6328045129776
0.12385375797748566	0.23999999463558197	True	0	0	12	True	501.2049865722656	-7.87353515625	-0.5394781231880188	1.696871280670166
0.12385375797748566	0.23999999463558197	True	0	0	12	True	501.2090148925781	-7.87353515625	-3.4069151878356934	-1.2268487215042114
0.12385375797748566	0.23999999463558197	True	0	0	12	True	501.2149963378906	-5.55419921875	-1.4220428466796875	-0.9496252536773682
0.12385375797748566	0.23999999463558197	True	0	0	12	True	501.22100830078125	-3.96728515625	-1.091530203819275	-0.4945715367794037
0.12385375797748566	0.23999999463558197	True	0	0	12	True	501.2250061035156	-8.056640625	-0.6993457078933716	1.8495538234710693
0.12385375797748566	0.23999999463558197	True	0	0	12	True	501.2300109863281	-11.77978515625	-0.5292993187904358	0.6496490240097046
0.12385375797748566	0.23999999463558197	True	0	0	12	True	501.2340087890625	-10.07080078125	1.3190569877624512	0.35087037086486816
0.12385375797748566	0.23999999463558197	True	0	0	12	True	501.239990234375	-6.40869140625	3.0093419551849365	-0.11436218023300171
0.12385375797748566	0.23999999463558197	True	0	0	12	True	501.2460021972656	-4.2724609375	0.628692626953125	2.163900136947632
0.12385375797748566	0.23999999463558197	True	0	0	12	True	501.25	-4.45556640625	-0.6245013475418091	4.560117244720459
0.12385375797748566	0.23999999463558197	True	0	0	12	True	501.2550048828125	-7.38525390625	-0.8843609690666199	1.0627899169921875
0.12385375797748566	0.23999999463558197	True	0	0	12	True	501.2590026855469	-11.29150390625	-0.8346642851829529	0.260458379983902
0.12385375797748566	0.23999999463558197	True	0	0	12	True	501.2650146484375	-13.7939453125	0.3089575171470642	1.666933536529541
0.12385375797748566	0.23999999463558197	True	0	0	12	True	501.27099609375	-14.95361328125	1.542991280555725	-0.0005987549084238708
0.12385375797748566	0.23999999463558197	True	0	0	12	True	501.2749938964844	-13.916015625	-1.332828402519226	-0.14549744129180908
0.12385375797748566	0.23999999463558197	True	0	0	12	True	501.2799987792969	-13.18359375	-3.0770013332366943	2.116598606109619
0.12385375797748566	0.23999999463558197	True	0	0	12	True	501.28399658203125	-11.04736328125	-0.6215075850486755	0.5640270709991455
0.12385375797748566	0.23999999463558197	True	0	0	12	True	501.2900085449219	-11.04736328125	-0.2634521424770355	0.9298663139343262
0.12385375797748566	0.23999999463558197	True	0	0	12	True	501.2959899902344	-10.31494140625	-0.08083190768957138	2.3111939430236816
0.12385375797748566	0.23999999463558197	True	0	0	12	True	501.29998779296875	-7.9345703125	0.6903643608093262	1.716630220413208
0.12385375797748566	0.23999999463558197	True	0	0	12	True	501.30499267578125	-7.14111328125	1.2340338230133057	0.8388555645942688
0.12385375797748566	0.23999999463558197	True	0	0	12	True	501.3089904785156	-7.99560546875	2.017205238342285	-0.09400451928377151
0.12385375797748566	0.23999999463558197	True	0	0	12	True	501.31500244140625	-10.31494140625	1.1406280994415283	0.046104125678539276
0.12385375797748566	0.23999999463558197	True	0	0	12	True	501.3190002441406	-11.962890625	0.42631348967552185	-0.508941650390625
0.12385375797748566	0.23999999463558197	True	0	0	12	True	501.32501220703125	-12.26806640625	-0.969982922077179	1.2448114156723022
0.12385375797748566	0.23999999463558197	True	0	0	12	True	501.3299865722656	-9.27734375	-0.8065228462219238	1.1352392435073853
0.12385375797748566	0.23999999463558197	True	0	0	12	True	501.3340148925781	-6.9580078125	-0.46104127168655396	2.3321502208709717
0.12385375797748566	0.23999999463558197	True	0	0	12	True	501.3399963378906	-7.87353515625	-1.0711724758148193	2.8686347007751465
0.12385375797748566	0.23999999463558197	True	0	0	12	True	501.343994140625	-7.9345703125	-0.07604186981916428	-1.4980846643447876
0.12385375797748566	0.23999999463558197	True	0	0	12	True	501.3500061035156	-7.87353515625	-0.7789800763130188	-1.3657598495483398
0.12385375797748566	0.23999999463558197	True	0	0	12	True	501.3550109863281	-8.60595703125	-0.4346960484981537	-0.14609618484973907
0.12385375797748566	0.23999999463558197	True	0	0	12	True	501.3590087890625	-9.1552734375	-0.7520361542701721	0.7424560785293579
0.12385375797748566	0.23999999463558197	True	0	0	12	True	501.364990234375	-8.11767578125	1.5250287055969238	0.41613465547561646
0.12385375797748566	0.23999999463558197	True	0	0	12	True	501.3689880371094	-8.23974609375	2.4297473430633545	1.0448272228240967
0.12385375797748566	0.23999999463558197	True	0	0	12	True	501.375	-8.9111328125	1.2364288568496704	2.635120153427124
0.12385375797748566	0.23999999463558197	True	0	0	12	True	501.3800048828125	-7.38525390625	-0.3790118396282196	2.5872199535369873
0.12385375797748566	0.23999999463558197	True	0	0	12	True	501.3840026855469	-8.7890625	-0.768202543258667	2.1411473751068115
0.12385375797748566	0.23999999463558197	True	0	0	12	True	501.3900146484375	-11.04736328125	-1.3004956245422363	0.389190673828125
0.12385375797748566	0.23999999463558197	True	0	0	12	True	501.3940124511719	-12.451171875	-0.6670129299163818	0.40655457973480225
0.12385375797748566	0.23999999463558197	True	0	0	12	True	501.3999938964844	-13.0615234375	1.3046869039535522	1.2927117347717285
0.12385375797748566	0.23999999463558197	True	0	0	12	True	501.4049987792969	-14.34326171875	1.916015625	1.9693048000335693
0.12385375797748566	0.23999999463558197	True	0	0	12	True	501.40899658203125	-14.16015625	-1.531016230583191	1.0005193948745728
0.12385375797748566	0.23999999463558197	True	0	0	12	True	501.4150085449219	-13.00048828125	-3.062032461166382	0.6304888725280762
0.12385375797748566	0.23999999463558197	True	0	0	12	True	501.41900634765625	-11.90185546875	-1.6453784704208374	1.6052618026733398
0.13123901188373566	0.23999999463558197	True	0	0	12	True	501.42498779296875	-11.16943359375	-0.5023553371429443	1.0472222566604614
0.13123901188373566	0.23999999463558197	True	0	0	12	True	501.42999267578125	-8.6669921875	-0.0011975098168477416	0.7472460865974426
0.13123901188373566	0.23999999463558197	True	0	0	12	True	501.4339904785156	-8.48388671875	0.5981561541557312	0.5837860107421875
0.37153443694114685	0.23999999463558197	True	0	0	12	True	501.44000244140625	-10.43701171875	1.1759545803070068	1.147214412689209
0.37153443694114685	0.23999999463558197	True	0	0	12	True	501.4440002441406	-12.39013671875	1.1867321729660034	0.748443603515625
0.37153443694114685	0.23999999463558197	True	0	0	12	True	501.45001220703125	-13.916015625	0.6334826946258545	1.183738350868225
0.9289074540138245	0.23999999463558197	True	0	0	12	True	501.4549865722656	-12.451171875	-0.12873229384422302	-1.4639556407928467
0.9289074540138245	0.23999999463558197	True	0	0	12	True	501.4590148925781	-10.3759765625	-1.0412347316741943	-0.39637574553489685
0.9289074540138245	0.23999999463558197	True	0	0	12	True	501.4649963378906	-8.7890625	-1.8148260116577148	1.8627264499664307
0.9289074540138245	0.23999999463558197	True	0	0	12	True	501.468994140625	-8.6669921875	-1.0999127626419067	1.4956897497177124
1.0799695253372192	0.23999999463558197	True	0	0	12	True	501.4750061035156	-7.99560546875	-1.840572476387024	-1.1502081155776978
1.0799695253372192	0.23999999463558197	True	0	0	12	True	501.4800109863281	-9.09423828125	-1.4286291599273682	-1.7411792278289795
1.0799695253372192	0.23999999463558197	True	0	0	12	True	501.4849853515625	-9.82666015625	-0.29638367891311646	0.5131329298019409
1.0799695253372192	0.23999999463558197	True	0	0	12	True	501.489013671875	-11.3525390625	-0.44188109040260315	2.6015899181365967
1.0799695253372192	0.23999999463558197	True	0	0	12	True	501.4939880371094	-9.70458984375	0.27722349762916565	2.90156626701355
1.0799695253372192	0.23999999463558197	True	0	0	12	True	501.4989929199219	-7.32421875	2.7782225608825684	-0.09699828922748566
1.0799695253372192	0.23999999463558197	True	0	0	12	True	501.5050048828125	-7.2021484375	1.8872753381729126	-0.44607239961624146
1.0799695253372192	0.23999999463558197	True	0	0	12	True	501.510009765625	-6.65283203125	1.4160553216934204	4.18649435043335
1.0799695253372192	0.23999999463558197	True	0	0	12	True	501.5140075683594	-5.859375	-1.2909154891967773	5.437891960144043
1.0799695253372192	0.23999999463558197	True	0	0	12	True	501.5190124511719	-8.23974609375	-0.48738646507263184	3.890110492706299
1.0799695253372192	0.23999999463558197	True	0	0	12	True	501.52398681640625	-14.6484375	0.26704466342926025	0.31734007596969604
1.0799695253372192	0.23999999463558197	True	0	0	12	True	501.5299987792969	-21.1181640625	1.7130377292633057	1.4615607261657715
1.0799695253372192	0.23999999463558197	True	0	0	12	True	501.5350036621094	-28.80859375	0.34667909145355225	6.8910698890686035
1.0799695253372192	0.23999999463558197	True	0	0	12	True	501.5400085449219	-34.5458984375	-0.17962646484375	5.988746166229248
1.0799695253372192	0.23999999463558197	True	0	0	12	True	501.54400634765625	-37.2314453125	1.3064831495285034	4.864284515380859
1.0799695253372192	0.23999999463558197	True	0	0	12	True	501.54901123046875	-39.12353515625	1.3879138231277466	2.662662982940674
1.0799695253372192	0.23999999463558197	True	0	0	12	True	501.5539855957031	-44.43359375	0.43768981099128723	4.954097747802734
1.0799695253372192	0.23999999463558197	True	0	0	12	True	501.5589904785156	-50.47607421875	1.0484198331832886	7.211403846740723
1.0799695253372192	0.23999999463558197	True	0	0	12	True	501.56500244140625	-56.09130859375	2.2010228633880615	2.942880153656006
1.0799695253372192	0.23999999463558197	True	0	0	12	True	501.57000732421875	-59.02099609375	0.5316943526268005	5.981561183929443
1.0799695253372192	0.23999999463558197	True	0	0	12	True	501.57501220703125	-64.94140625	1.2046948671340942	6.110892295837402
1.0799695253372192	0.23999999463558197	True	0	0	12	True	501.5790100097656	-71.22802734375	0.9562115669250488	9.061556816101074
1.0799695253372192	0.23999999463558197	True	0	0	12	True	501.5840148925781	-77.880859375	3.2266900539398193	6.70126485824585
1.0799695253372192	0.23999999463558197	True	0	0	12	True	501.5889892578125	-82.3974609375	3.295546770095825	5.058281421661377
1.0799695253372192	0.23999999463558197	True	0	0	12	True	501.5950012207031	-84.716796875	1.9267932176589966	4.8660807609558105
1.0799695253372192	0.23999999463558197	True	0	0	12	True	501.6000061035156	-86.9140625	1.6220269203186035	7.541317939758301
1.0799695253372192	0.23999999463558197	True	0	0	12	True	501.6050109863281	-88.80615234375	0.003592529334127903	6.813830375671387
1.0799695253372192	0.23999999463558197	True	0	0	12	True	501.6090087890625	-91.6748046875	-0.6753954887390137	6.393504619598389
1.0799695253372192	0.23999999463558197	True	0	0	12	True	501.614013671875	-100.76904296875	0.6071374416351318	5.913303375244141
1.0799695253372192	0.23999999463558197	True	0	0	12	True	501.6189880371094	-107.72705078125	1.1029064655303955	5.600154399871826
1.0799695253372192	0.23999999463558197	True	0	0	12	True	501.6239929199219	-108.0322265625	2.206411838531494	4.4768900871276855
1.0799695253372192	0.23999999463558197	True	0	0	12	True	501.6300048828125	-103.57666015625	0.5406756401062012	3.123704195022583
1.0799695253372192	0.23999999463558197	True	0	0	12	True	501.635009765625	-101.50146484375	0.1502874791622162	2.5219554901123047
1.0799695253372192	0.23999999463558197	True	0	0	12	True	501.6390075683594	-106.0791015625	0.05448669567704201	7.352709770202637
1.0799695253372192	0.23999999463558197	True	0	0	12	True	501.6440124511719	-114.44091796875	3.502716064453125	14.489269256591797
1.0799695253372192	0.23999999463558197	True	0	0	12	True	501.64898681640625	-121.337890625	5.578000545501709	12.585827827453613
1.0799695253372192	0.23999999463558197	True	0	0	12	True	501.65399169921875	-125.9765625	3.420686721801758	6.579717636108398
1.0799695253372192	0.23999999463558197	True	0	0	12	True	501.6600036621094	-129.33349609375	1.0328521728515625	5.141508102416992
1.0799695253372192	0.23999999463558197	True	0	0	12	True	501.6650085449219	-132.2021484375	1.0160870552062988	5.088817596435547
1.0799695253372192	0.23999999463558197	True	0	0	12	True	501.66900634765625	-133.544921875	1.7944684028625488	5.510940074920654
1.0799695253372192	0.23999999463558197	True	0	0	12	True	501.67401123046875	-136.04736328125	1.2142748832702637	8.077801704406738
1.0799695253372192	0.23999999463558197	True	0	0	12	True	501.6789855957031	-138.0615234375	2.882405996322632	7.577841758728027
1.0799695253372192	0.23999999463558197	True	0	0	12	True	501.6839904785156	-138.427734375	1.8112335205078125	9.935139656066895
1.0799695253372192	0.23999999463558197	True	0	0	12	True	501.69000244140625	-141.11328125	2.8800110816955566	6.918612480163574
1.0799695253372192	0.23999999463558197	True	0	0	12	True	501.69500732421875	-148.3154296875	1.9441571235656738	7.096442699432373
1.0799695253372192	0.23999999463558197	True	0	0	12	True	501.6990051269531	-153.80859375	1.6914825439453125	10.255474090576172
1.0799695253372192	0.23999999463558197	True	0	0	12	True	501.7040100097656	-157.28759765625	3.9380109310150146	8.22868824005127
1.0799695253372192	0.23999999463558197	True	0	0	12	True	501.7090148925781	-158.0810546875	1.8794915676116943	4.791835308074951
1.0799695253372192	0.23999999463558197	True	0	0	12	True	501.7139892578125	-160.33935546875	2.257305860519409	5.166057109832764
1.0799695253372192	0.23999999463558197	True	0	0	12	True	501.7200012207031	-160.400390625	2.0357666015625	8.078999519348145
1.0799695253372192	0.23999999463558197	True	0	0	12	True	501.7250061035156	-159.72900390625	0.648451566696167	12.48823070526123
1.0799695253372192	0.23999999463558197	True	0	0	12	True	501.72900390625	-164.00146484375	1.7094452381134033	6.328839302062988
1.0799695253372192	0.23999999463558197	True	0	0	12	True	501.7340087890625	-172.9736328125	3.253633975982666	7.617359638214111
1.0799695253372192	0.23999999463558197	True	0	0	12	True	501.739013671875	-181.45751953125	5.631289482116699	7.72393798828125
1.0799695253372192	0.23999999463558197	True	0	0	12	True	501.7439880371094	-183.10546875	4.078119277954102	9.216633796691895
1.0799695253372192	0.23999999463558197	True	0	0	12	True	501.7489929199219	-175.6591796875	2.295027494430542	7.019802093505859
1.0799695253372192	0.23999999463558197	True	0	0	12	True	501.7550048828125	-169.25048828125	0.09280700981616974	6.80305290222168
1.0799695253372192	0.23999999463558197	True	0	0	12	True	501.7590026855469	-171.08154296875	0.15268249809741974	7.283853054046631
1.0799695253372192	0.23999999463558197	True	0	0	12	True	501.7640075683594	-181.396484375	1.986069917678833	11.988269805908203
1.0799695253372192	0.23999999463558197	True	0	0	12	True	501.7690124511719	-192.9931640625	3.8559813499450684	11.07876205444336
1.0799695253372192	0.23999999463558197	True	0	0	12	True	501.77398681640625	-200.86669921875	3.5170862674713135	9.166936874389648
1.0799695253372192	0.23999999463558197	True	0	0	12	True	501.77899169921875	-201.7822265625	3.2063324451446533	5.258265495300293
1.0799695253372192	0.23999999463558197	True	0	0	12	True	501.7850036621094	-197.265625	-0.320333868265152	5.190007209777832
1.0799695253372192	0.23999999463558197	True	0	0	12	True	501.78900146484375	-194.76318359375	-0.2646496593952179	5.459446907043457
1.0799695253372192	0.23999999463558197	True	0	0	12	True	501.79400634765625	-198.66943359375	2.8476781845092773	10.67220687866211
1.0799695253372192	0.23999999463558197	True	0	0	12	True	501.79901123046875	-203.2470703125	6.952741622924805	9.616601943969727
1.0799695253372192	0.23999999463558197	True	0	0	12	True	501.8039855957031	-202.1484375	5.11216926574707	8.228089332580566
1.0799695253372192	0.23999999463558197	True	0	0	12	True	501.8089904785156	-201.5380859375	1.981878638267517	6.937173843383789
1.0799695253372192	0.23999999463558197	True	0	0	12	True	501.81500244140625	-209.77783203125	1.9333795309066772	7.836503982543945
1.0799695253372192	0.23999999463558197	True	0	0	12	True	501.8179931640625	-215.33203125	1.746567964553833	8.20473861694336
1.0799695253372192	0.23999999463558197	True	0	0	12	True	501.8240051269531	-217.1630859375	3.7871246337890625	7.057523727416992
1.0799695253372192	0.23999999463558197	True	0	0	12	True	501.8290100097656	-221.19140625	5.231321334838867	10.065069198608398
1.0799695253372192	0.23999999463558197	True	0	0	12	True	501.8340148925781	-220.39794921875	4.5954437255859375	11.531420707702637
1.0799695253372192	0.23999999463558197	True	0	0	12	True	501.8389892578125	-220.703125	1.2484039068222046	3.053051233291626
1.0799695253372192	0.23999999463558197	True	0	0	12	True	501.8450012207031	-225.89111328125	-0.4736151099205017	3.134481906890869
1.0799695253372192	0.23999999463558197	True	0	0	12	True	501.8479919433594	-236.083984375	1.0993139743804932	11.920012474060059
1.0799695253372192	0.23999999463558197	True	0	0	12	True	501.85400390625	-245.42236328125	4.320016384124756	10.705737113952637
1.0799695253372192	0.23999999463558197	True	0	0	12	True	501.8590087890625	-246.27685546875	3.132086753845215	6.697073459625244
1.0799695253372192	0.23999999463558197	True	0	0	12	True	501.864013671875	-245.42236328125	0.9095086455345154	5.828279972076416
1.0799695253372192	0.23999999463558197	True	0	0	12	True	501.8689880371094	-248.53515625	1.81243097782135	7.009024620056152
1.0799695253372192	0.23999999463558197	True	0	0	12	True	501.87298583984375	-257.080078125	3.7446129322052	9.618398666381836
1.0799695253372192	0.23999999463558197	True	0	0	12	True	501.87799072265625	-263.61083984375	3.8374199867248535	12.84748363494873
1.0799695253372192	0.23999999463558197	True	0	0	12	True	501.8840026855469	-265.44189453125	5.270839214324951	7.050937652587891
1.0799695253372192	0.23999999463558197	True	0	0	12	True	501.8890075683594	-264.83154296875	2.5387206077575684	6.3018951416015625
1.0799695253372192	0.23999999463558197	True	0	0	12	True	501.8940124511719	-262.3291015625	3.1494507789611816	7.694599151611328
1.0799695253372192	0.23999999463558197	True	0	0	12	True	501.89898681640625	-262.26806640625	-0.45684996247291565	5.634283542633057
1.0799695253372192	0.23999999463558197	True	0	0	12	True	501.90399169921875	-272.216796875	0.9131011962890625	8.853788375854492
1.0799695253372192	0.23999999463558197	True	0	0	12	True	501.9079895019531	-281.73828125	4.232598304748535	14.82636833190918
1.0799695253372192	0.23999999463558197	True	0	0	12	True	501.91400146484375	-289.4287109375	6.8515520095825195	12.755873680114746
1.0799695253372192	0.23999999463558197	True	0	0	12	True	501.91900634765625	-294.61669921875	4.869074821472168	9.809401512145996
1.0799695253372192	0.23999999463558197	True	0	0	12	True	501.92401123046875	-295.5322265625	2.6608667373657227	2.655478000640869
1.0799695253372192	0.23999999463558197	True	0	0	12	True	501.9289855957031	-295.5322265625	-1.6992663145065308	1.7184264659881592
1.0799695253372192	0.23999999463558197	True	0	0	12	True	501.9339904785156	-297.8515625	0.7077282667160034	5.597160816192627
1.0799695253372192	0.23999999463558197	True	0	0	12	True	501.93798828125	-301.94091796875	3.1482532024383545	10.665620803833008
1.0799695253372192	0.23999999463558197	True	0	0	12	True	501.9429931640625	-307.31201171875	5.027145862579346	14.270125389099121
1.0799695253372192	0.23999999463558197	True	0	0	12	True	501.9490051269531	-308.28857421875	3.684138774871826	13.595328330993652
1.0799695253372192	0.23999999463558197	True	0	0	12	True	501.9540100097656	-308.41064453125	1.7998571395874023	10.584190368652344
1.0799695253372192	0.23999999463558197	True	0	0	12	True	501.9590148925781	-313.96484375	3.321892023086548	4.871469497680664
1.0799695253372192	0.23999999463558197	True	0	0	12	True	501.9639892578125	-318.4814453125	2.035167932510376	1.6890875101089478
1.0799695253372192	0.23999999463558197	True	0	0	12	True	501.9679870605469	-323.6083984375	1.6052618026733398	7.350315093994141
1.0799695253372192	0.23999999463558197	True	0	0	12	True	501.9729919433594	-335.51025390625	4.531376838684082	8.984915733337402
1.0799695253372192	0.23999999463558197	True	0	0	12	True	501.97900390625	-344.482421875	4.06015682220459	5.369035243988037
1.0799695253372192	0.23999999463558197	True	0	0	12	True	501.9840087890625	-347.83935546875	0.8035290241241455	5.771996974945068
1.0799695253372192	0.23999999463558197	True	0	0	12	True	501.989013671875	-349.18212890625	-0.5095403790473938	2.8967761993408203
1.0799695253372192	0.23999999463558197	True	0	0	12	True	501.9939880371094	-345.21484375	0.10178832709789276	7.2096076011657715
1.0799695253372192	0.23999999463558197	True	0	0	12	True	501.99798583984375	-343.017578125	-1.4441968202590942	8.172405242919922
1.0799695253372192	0.23999999463558197	True	0	0	12	True	502.00299072265625	-350.9521484375	2.4207658767700195	14.400054931640625
1.0799695253372192	0.23999999463558197	True	0	0	12	True	502.0090026855469	-364.31884765625	6.244414806365967	12.540921211242676
1.0799695253372192	0.23999999463558197	True	0	0	12	True	502.0140075683594	-373.47412109375	3.6589910984039307	8.55920124053955
1.0799695253372192	0.23999999463558197	True	0	0	12	True	502.0190124511719	-378.662109375	2.932102680206299	8.83582592010498
1.0799695253372192	0.23999999463558197	True	0	0	12	True	502.02398681640625	-377.38037109375	3.2207024097442627	5.506748676300049
1.0799695253372192	0.23999999463558197	True	0	0	12	True	502.02801513671875	-371.2158203125	-0.10238708555698395	6.865323543548584
1.0799695253372192	0.23999999463558197	True	0	0	12	True	502.0329895019531	-367.67578125	2.016606330871582	6.349196910858154
1.0799695253372192	0.23999999463558197	True	0	0	12	True	502.03900146484375	-372.25341796875	2.8889923095703125	10.351873397827148
1.0799695253372192	0.23999999463558197	True	0	0	12	True	502.04400634765625	-385.80322265625	3.4380505084991455	10.145302772521973
1.0799695253372192	0.23999999463558197	True	0	0	12	True	502.04901123046875	-400.69580078125	2.456691265106201	10.932665824890137
1.0799695253372192	0.23999999463558197	True	0	0	12	True	502.0539855957031	-413.6962890625	0.7729925513267517	9.56870174407959
1.0799695253372192	0.23999999463558197	True	0	0	12	True	502.0580139160156	-414.24560546875	2.074086904525757	5.215155124664307
1.0799695253372192	0.23999999463558197	True	0	0	12	True	502.06298828125	-406.79931640625	-0.21195922791957855	5.4432806968688965
1.0799695253372192	0.23999999463558197	True	0	0	12	True	502.0679931640625	-401.67236328125	1.3986914157867432	4.715793609619141
1.0799695253372192	0.23999999463558197	True	0	0	12	True	502.0740051269531	-406.1279296875	3.3278796672821045	5.3726277351379395
1.0799695253372192	0.23999999463558197	True	0	0	12	True	502.0790100097656	-413.39111328125	0.9813592433929443	7.912545680999756
1.0799695253372192	0.23999999463558197	True	0	0	12	True	502.0830078125	-421.142578125	2.254910945892334	11.229647636413574
1.0799695253372192	0.23999999463558197	True	0	0	12	True	502.0880126953125	-427.55126953125	1.133442997932434	10.339299201965332
1.0799695253372192	0.23999999463558197	True	0	0	12	True	502.0929870605469	-433.4716796875	1.582509160041809	11.308084487915039
1.0799695253372192	0.23999999463558197	True	0	0	12	True	502.0979919433594	-437.1337890625	3.045267343521118	5.983956336975098
1.0799695253372192	0.23999999463558197	True	0	0	12	True	502.10400390625	-439.3310546875	2.1926403045654297	7.9879889488220215
1.0799695253372192	0.23999999463558197	True	0	0	12	True	502.1090087890625	-438.1103515625	1.221459984779358	5.009782314300537
1.0799695253372192	0.23999999463558197	True	0	0	12	True	502.1130065917969	-437.3779296875	1.2783416509628296	4.772675037384033
1.0799695253372192	0.23999999463558197	True	0	0	12	True	502.1180114746094	-445.9228515625	-0.2389031946659088	6.976691722869873
1.0799695253372192	0.23999999463558197	True	0	0	12	True	502.12298583984375	-453.43017578125	0.1095721423625946	7.036567211151123
1.0799695253372192	0.23999999463558197	True	0	0	12	True	502.12799072265625	-456.48193359375	0.5107378959655762	7.8897929191589355
1.0799695253372192	0.23999999463558197	True	0	0	12	True	502.1340026855469	-454.52880859375	1.4801220893859863	6.683900833129883
1.0799695253372192	0.23999999463558197	True	0	0	12	True	502.1390075683594	-453.7353515625	0.38260436058044434	4.937931537628174
1.0799695253372192	0.23999999463558197	True	0	0	12	True	502.14300537109375	-453.125	-0.7508386373519897	4.90500020980835
1.0799695253372192	0.23999999463558197	True	0	0	12	True	502.14801025390625	-452.7587890625	-0.5831872820854187	11.575728416442871
1.0799695253372192	0.23999999463558197	True	0	0	12	True	502.15301513671875	-453.43017578125	-0.1448986828327179	11.266770362854004
1.0799695253372192	0.23999999463558197	True	0	0	12	True	502.1579895019531	-455.38330078125	0.03652404621243477	8.471782684326172
1.0799695253372192	0.23999999463558197	True	0	0	12	True	502.16400146484375	-454.345703125	1.147813081741333	4.500840663909912
1.0799695253372192	0.23999999463558197	True	0	0	12	True	502.16900634765625	-449.951171875	-0.14130614697933197	4.481680393218994
1.0799695253372192	0.23999999463558197	True	0	0	12	True	502.17401123046875	-445.6787109375	-0.7837701439857483	-1.0196795463562012
1.0799695253372192	0.23999999463558197	True	0	0	12	True	502.1780090332031	-442.138671875	-1.2292437553405762	0.7478448748588562
1.0799695253372192	0.23999999463558197	True	0	0	12	True	502.1830139160156	-436.03515625	-2.475252628326416	6.4503865242004395
1.0799695253372192	0.23999999463558197	True	0	0	12	True	502.18798828125	-427.1240234375	-1.85614013671875	6.057004451751709
1.0799695253372192	0.23999999463558197	True	0	0	12	True	502.1929931640625	-419.43359375	-2.9596452713012695	3.8547840118408203
1.0799695253372192	0.23999999463558197	True	0	0	12	True	502.1990051269531	-418.45703125	-2.184257745742798	4.701423168182373
1.0799695253372192	0.23999999463558197	True	0	0	12	True	502.2040100097656	-420.2880859375	0.0053887940011918545	6.279741287231445
1.0799695253372192	0.23999999463558197	True	0	0	12	True	502.2080078125	-417.05322265625	0.05448669567704201	5.370831489562988
1.0799695253372192	0.23999999463558197	True	0	0	12	True	502.2130126953125	-410.46142578125	1.0442285537719727	1.4178515672683716
1.0799695253372192	0.23999999463558197	True	0	0	12	True	502.2179870605469	-403.9306640625	-1.293310523033142	0.1401086449623108
1.0799695253372192	0.23999999463558197	True	0	0	12	True	502.2229919433594	-401.55029296875	-1.7968634366989136	1.2549902200698853
1.0799695253372192	0.23999999463558197	True	0	0	12	True	502.22900390625	-400.81787109375	0.058079224079847336	5.1031880378723145
1.0799695253372192	0.23999999463558197	True	0	0	12	True	502.2340087890625	-399.4140625	-1.8579363822937012	8.019722938537598
1.0799695253372192	0.23999999463558197	True	0	0	12	True	502.2380065917969	-393.5546875	-3.46140193939209	3.861968994140625
1.0799695253372192	0.23999999463558197	True	0	0	12	True	502.2430114746094	-390.68603515625	-4.472100257873535	1.5801141262054443
1.0799695253372192	0.23999999463558197	True	0	0	12	True	502.24798583984375	-388.36669921875	-2.5704545974731445	2.40639591217041
1.0799695253372192	0.23999999463558197	True	0	0	12	True	502.25299072265625	-387.75634765625	1.0663824081420898	6.445596218109131
1.0799695253372192	0.23999999463558197	True	0	0	12	True	502.2590026855469	-386.41357421875	0.7017407417297363	5.268444061279297
1.0799695253372192	0.23999999463558197	True	0	0	12	True	502.2640075683594	-381.103515625	0.10657837241888046	3.0578413009643555
1.0799695253372192	0.23999999463558197	True	0	0	12	True	502.26800537109375	-379.638671875	-1.8890717029571533	4.5056304931640625
1.0799695253372192	0.23999999463558197	True	0	0	12	True	502.27301025390625	-382.75146484375	-1.6830999851226807	5.771398544311523
1.0799695253372192	0.23999999463558197	True	0	0	12	True	502.27801513671875	-384.8876953125	-2.4399261474609375	2.3507115840911865
1.0799695253372192	0.23999999463558197	True	0	0	12	True	502.2829895019531	-381.77490234375	-4.0553669929504395	3.693120002746582
1.0799695253372192	0.23999999463558197	True	0	0	12	True	502.28900146484375	-374.45068359375	-5.267246723175049	4.688849449157715
1.0799695253372192	0.23999999463558197	True	0	0	12	True	502.29400634765625	-366.455078125	-4.663103103637695	6.583310127258301
1.0799695253372192	0.23999999463558197	True	0	0	12	True	502.2980041503906	-360.83984375	-0.4628375172615051	5.613925933837891
1.0799695253372192	0.23999999463558197	True	0	0	12	True	502.3030090332031	-356.87255859375	2.0429515838623047	4.522395610809326
1.0799695253372192	0.23999999463558197	True	0	0	12	True	502.3080139160156	-350.03662109375	2.1896467208862305	6.090534687042236
1.0799695253372192	0.23999999463558197	True	0	0	12	True	502.31298828125	-344.17724609375	-1.1627819538116455	3.2985405921936035
1.0799695253372192	0.23999999463558197	True	0	0	12	True	502.3179931640625	-343.6279296875	-3.3703911304473877	1.441202998161316
1.0799695253372192	0.23999999463558197	True	0	0	12	True	502.3240051269531	-344.6044921875	-3.211721181869507	1.7747094631195068
1.0799695253372192	0.23999999463558197	True	0	0	12	True	502.3280029296875	-339.9658203125	-1.0460247993469238	2.5009992122650146
1.0799695253372192	0.23999999463558197	True	0	0	12	True	502.3330078125	-332.1533203125	-1.8914666175842285	1.2663666009902954
1.0799695253372192	0.23999999463558197	True	0	0	12	True	502.3380126953125	-330.2001953125	-2.785407781600952	2.3315515518188477
1.0799695253372192	0.23999999463558197	True	0	0	12	True	502.3429870605469	-329.58984375	-1.781894564628601	5.927074432373047
1.0799695253372192	0.23999999463558197	True	0	0	12	True	502.3479919433594	-324.951171875	-1.5890954732894897	0.9017248749732971
1.0799695253372192	0.23999999463558197	True	0	0	12	True	502.35400390625	-318.54248046875	-1.6986676454544067	-1.6196320056915283
1.0799695253372192	0.23999999463558197	True	0	0	12	True	502.3580017089844	-311.46240234375	-5.672603607177734	-4.724175930023193
1.0799695253372192	0.23999999463558197	True	0	0	12	True	502.3630065917969	-303.22265625	-8.010741233825684	-0.4436773657798767
1.0799695253372192	0.23999999463558197	True	0	0	12	True	502.3680114746094	-292.90771484375	-5.917494297027588	3.5362462997436523
1.0799695253372192	0.23999999463558197	True	0	0	12	True	502.37298583984375	-280.3955078125	-4.666695594787598	4.1966729164123535
1.0799695253372192	0.23999999463558197	True	0	0	12	True	502.37799072265625	-268.6767578125	-3.66378116607666	0.17842894792556763
1.0799695253372192	0.23999999463558197	True	0	0	12	True	502.3840026855469	-260.19287109375	-4.691244602203369	-0.42571473121643066
1.0799695253372192	0.23999999463558197	True	0	0	12	True	502.38800048828125	-255.43212890625	-2.1998255252838135	-0.03353027254343033
1.0799695253372192	0.23999999463558197	True	0	0	12	True	502.39300537109375	-250.8544921875	-0.8400530815124512	-0.2191442847251892
1.0799695253372192	0.23999999463558197	True	0	0	12	True	502.39801025390625	-244.93408203125	-2.2602996826171875	-0.9352551102638245
1.0799695253372192	0.23999999463558197	True	0	0	12	True	502.40301513671875	-239.68505859375	-4.917573928833008	0.5448669195175171
1.0799695253372192	0.23999999463558197	True	0	0	12	True	502.4079895019531	-235.04638671875	-6.454577445983887	-0.39218443632125854
1.0799695253372192	0.23999999463558197	True	0	0	12	True	502.41400146484375	-228.515625	-4.7253737449646	-0.13711486756801605
1.0799695253372192	0.23999999463558197	True	0	0	12	True	502.4169921875	-222.0458984375	-5.288801670074463	-2.7482848167419434
1.0799695253372192	0.23999999463558197	True	0	0	12	True	502.4230041503906	-214.05029296875	-8.119115829467773	-1.716630220413208
1.0799695253372192	0.23999999463558197	True	0	0	12	True	502.4280090332031	-203.857421875	-5.448070526123047	2.3519091606140137
1.0799695253372192	0.23999999463558197	True	0	0	12	True	502.4330139160156	-192.138671875	-3.97932505607605	3.909869432449341
1.0799695253372192	0.23999999463558197	True	0	0	12	True	502.43798828125	-180.419921875	-4.580474853515625	-0.7400610446929932
1.0799695253372192	0.23999999463558197	True	0	0	12	True	502.4429931640625	-173.4619140625	-4.83853816986084	-0.18262024223804474
1.0799695253372192	0.23999999463558197	True	0	0	12	True	502.4469909667969	-167.6025390625	-4.916975021362305	2.212998151779175
1.0799695253372192	0.23999999463558197	True	0	0	12	True	502.4530029296875	-160.5224609375	-2.3016138076782227	1.9627184867858887
1.0799695253372192	0.23999999463558197	True	0	0	12	True	502.4580078125	-152.16064453125	-2.1609063148498535	-0.025147704407572746
1.0799695253372192	0.23999999463558197	True	0	0	12	True	502.4630126953125	-146.42333984375	-4.611011505126953	0.3993695080280304
1.0799695253372192	0.23999999463558197	True	0	0	12	True	502.4679870605469	-142.27294921875	-5.128335475921631	1.1705658435821533
1.0799695253372192	0.23999999463558197	True	0	0	12	True	502.4729919433594	-137.3291015625	-2.472857713699341	-0.1951940953731537
1.0799695253372192	0.23999999463558197	True	0	0	12	True	502.47698974609375	-134.46044921875	-1.4897021055221558	-0.03353027254343033
1.0799695253372192	0.23999999463558197	True	0	0	12	True	502.4830017089844	-132.62939453125	-2.0291802883148193	0.8693920969963074
1.0799695253372192	0.23999999463558197	True	0	0	12	True	502.4880065917969	-129.7607421875	-3.600911855697632	2.7381060123443604
1.0799695253372192	0.23999999463558197	True	0	0	12	True	502.4930114746094	-127.0751953125	-3.7260515689849854	1.301693081855774
1.0799695253372192	0.23999999463558197	True	0	0	12	True	502.49798583984375	-124.93896484375	-3.0961616039276123	1.2142748832702637
1.0799695253372192	0.23999999463558197	True	0	0	12	True	502.50299072265625	-123.10791015625	-2.3818469047546387	1.9824774265289307
1.0799695253372192	0.23999999463558197	True	0	0	12	True	502.5069885253906	-117.5537109375	-3.294948101043701	3.9745349884033203
1.0799695253372192	0.23999999463558197	True	0	0	12	True	502.5119934082031	-109.7412109375	-3.571572780609131	2.093845844268799
1.0799695253372192	0.23999999463558197	True	0	0	12	True	502.51800537109375	-105.1025390625	-4.327800273895264	2.0489392280578613
1.0799695253372192	0.23999999463558197	True	0	0	12	True	502.52301025390625	-103.759765625	-3.3266820907592773	1.3406121730804443
1.0799695253372192	0.23999999463558197	True	0	0	12	True	502.52801513671875	-104.06494140625	-2.1585114002227783	3.70090389251709
1.0799695253372192	0.23999999463558197	True	0	0	12	True	502.5329895019531	-100.40283203125	-3.4164953231811523	3.7074902057647705
1.0799695253372192	0.23999999463558197	True	0	0	12	True	502.5369873046875	-93.26171875	-3.4260754585266113	3.6063005924224854
1.0799695253372192	0.23999999463558197	True	0	0	12	True	502.5419921875	-86.85302734375	-3.384761333465576	3.331472158432007
1.0799695253372192	0.23999999463558197	True	0	0	12	True	502.5480041503906	-83.8623046875	-2.266287326812744	3.543431282043457
1.0799695253372192	0.23999999463558197	True	0	0	12	True	502.5530090332031	-83.19091796875	-0.561033308506012	2.1399500370025635
1.0799695253372192	0.23999999463558197	True	0	0	12	True	502.5580139160156	-83.0078125	-2.1016297340393066	2.5219554901123047
1.0799695253372192	0.23999999463558197	True	0	0	12	True	502.56298828125	-85.75439453125	-2.7770252227783203	0.8400530815124512
1.0799695253372192	0.23999999463558197	True	0	0	12	True	502.5669860839844	-91.97998046875	-2.7890002727508545	1.776505708694458
1.0799695253372192	0.23999999463558197	True	0	0	12	True	502.5719909667969	-97.2900390625	-0.935853898525238	3.7494029998779297
1.0799695253372192	0.23999999463558197	True	0	0	12	True	502.5780029296875	-97.35107421875	-1.7088464498519897	3.73982310295105
1.0799695253372192	0.23999999463558197	True	0	0	12	True	502.5830078125	-93.8720703125	-2.962040424346924	0.6933581829071045
1.0799695253372192	0.23999999463558197	True	0	0	12	True	502.5880126953125	-90.51513671875	-3.992497444152832	-1.542991280555725
1.0799695253372192	0.23999999463558197	True	0	0	12	True	502.5929870605469	-88.80615234375	-3.910468101501465	-0.7508386373519897
1.0799695253372192	0.23999999463558197	True	0	0	12	True	502.59698486328125	-86.7919921875	-4.5643086433410645	1.423240303993225
1.0799695253372192	0.23999999463558197	True	0	0	12	True	502.60198974609375	-82.09228515625	-4.819377899169922	2.453098773956299
1.0799695253372192	0.23999999463558197	True	0	0	12	True	502.6080017089844	-73.79150390625	-4.511019229888916	1.1657757759094238
1.0799695253372192	0.23999999463558197	True	0	0	12	True	502.6130065917969	-63.29345703125	-4.999603271484375	0.49097901582717896
1.0799695253372192	0.23999999463558197	True	0	0	12	True	502.6180114746094	-54.6875	-5.050497531890869	0.043709106743335724
1.0799695253372192	0.23999999463558197	True	0	0	12	True	502.62298583984375	-48.828125	-3.7979021072387695	2.014810085296631
1.0799695253372192	0.23999999463558197	True	0	0	12	True	502.62701416015625	-44.98291015625	-4.347558975219727	1.3406121730804443
1.0799695253372192	0.23999999463558197	True	0	0	12	True	502.6319885253906	-42.66357421875	-2.6668541431427	3.214116096496582
1.0799695253372192	0.23999999463558197	True	0	0	12	True	502.6369934082031	-39.55078125	-2.6003923416137695	2.163301467895508
1.0799695253372192	0.23999999463558197	True	0	0	12	True	502.64300537109375	-37.59765625	-2.7716362476348877	2.026785373687744
1.0799695253372192	0.23999999463558197	True	0	0	12	True	502.64801025390625	-36.62109375	-2.1303699016571045	1.6346008777618408
1.0799695253372192	0.23999999463558197	True	0	0	12	True	502.6520080566406	-37.353515625	-0.8891509771347046	2.326761484146118
1.0799695253372192	0.23999999463558197	True	0	0	12	True	502.6570129394531	-38.87939453125	-0.1149609386920929	3.1662158966064453
1.0799695253372192	0.23999999463558197	True	0	0	12	True	502.6619873046875	-40.8935546875	-0.3185375928878784	2.3507115840911865
1.0799695253372192	0.23999999463558197	True	0	0	12	True	502.6669921875	-44.12841796875	-1.8549426794052124	2.027384042739868
1.0799695253372192	0.23999999463558197	True	0	0	12	True	502.6730041503906	-44.49462890625	-2.1591100692749023	0.5137317180633545
1.0799695253372192	0.23999999463558197	True	0	0	12	True	502.6780090332031	-42.1142578125	-2.2794599533081055	1.6346008777618408
1.0799695253372192	0.23999999463558197	True	0	0	12	True	502.6830139160156	-41.259765625	-2.214794397354126	0.5424719452857971
1.0799695253372192	0.23999999463558197	True	0	0	12	True	502.68701171875	-40.46630859375	-4.569697380065918	0.8669970631599426
1.0799695253372192	0.23999999463558197	True	0	0	12	True	502.6919860839844	-38.75732421875	-4.378694534301758	2.675236701965332
1.0799695253372192	0.23999999463558197	True	0	0	12	True	502.6969909667969	-32.5927734375	-4.2769060134887695	2.654879093170166
1.0799695253372192	0.23999999463558197	True	0	0	12	True	502.7030029296875	-23.98681640625	-2.985990524291992	0.9819580316543579
1.0799695253372192	0.23999999463558197	True	0	0	12	True	502.7080078125	-16.845703125	-1.5549664497375488	-1.0214757919311523
1.0799695253372192	0.23999999463558197	True	0	0	12	True	502.7130126953125	-15.07568359375	-4.9546966552734375	-0.16765137016773224
1.0799695253372192	0.23999999463558197	True	0	0	12	True	502.7170104980469	-16.17431640625	-5.780978202819824	2.3914270401000977
1.0799695253372192	0.23999999463558197	True	0	0	12	True	502.72198486328125	-13.916015625	-4.618196487426758	1.3052856922149658
1.0799695253372192	0.23999999463558197	True	0	0	12	True	502.72698974609375	-8.4228515625	-4.08290958404541	0.0999920666217804
1.0799695253372192	0.23999999463558197	True	0	0	12	True	502.7330017089844	-2.86865234375	-1.9872674942016602	0.6837780475616455
1.0799695253372192	0.23999999463558197	True	0	0	12	True	502.7380065917969	1.89208984375	-3.0380823612213135	1.802252173423767
1.0799695253372192	0.23999999463558197	True	0	0	12	True	502.7430114746094	4.33349609375	-2.5800347328186035	2.315385103225708
1.0799695253372192	0.23999999463558197	True	0	0	12	True	502.74700927734375	3.662109375	-2.146536350250244	-0.47181883454322815
1.0799695253372192	0.23999999463558197	True	0	0	12	True	502.75201416015625	3.173828125	-2.3087987899780273	0.13711486756801605
1.0799695253372192	0.23999999463558197	True	0	0	12	True	502.7569885253906	3.173828125	-2.6884093284606934	2.5004003047943115
1.0799695253372192	0.23999999463558197	True	0	0	12	True	502.7619934082031	0.91552734375	-0.6813830733299255	1.5280224084854126
1.0799695253372192	0.23999999463558197	True	0	0	12	True	502.76800537109375	-4.150390625	-1.101709008216858	0.8095166087150574
1.0799695253372192	0.23999999463558197	True	0	0	12	True	502.77301025390625	-9.8876953125	-2.323168992996216	2.2201831340789795
1.0799695253372192	0.23999999463558197	True	0	0	12	True	502.7770080566406	-13.18359375	-2.60697865486145	3.383563756942749
1.0799695253372192	0.23999999463558197	True	0	0	12	True	502.7820129394531	-13.36669921875	-2.991978168487549	2.9680280685424805
1.0799695253372192	0.23999999463558197	True	0	0	12	True	502.7869873046875	-14.16015625	-1.6854950189590454	0.8526269793510437
1.0799695253372192	0.23999999463558197	True	0	0	12	True	502.7919921875	-16.2353515625	-1.6232244968414307	1.3088781833648682
1.0799695253372192	0.23999999463558197	True	0	0	12	True	502.7980041503906	-17.76123046875	-3.693120002746582	0.8891509771347046
1.0799695253372192	0.23999999463558197	True	0	0	12	True	502.8030090332031	-17.39501953125	-4.102668285369873	0.6741979718208313
1.0799695253372192	0.23999999463558197	True	0	0	12	True	502.8070068359375	-16.41845703125	-3.113525390625	0.8843609690666199
1.0799695253372192	0.23999999463558197	True	0	0	12	True	502.81201171875	-15.5029296875	-3.203338623046875	1.0585986375808716
1.0799695253372192	0.23999999463558197	True	0	0	12	True	502.8169860839844	-15.5029296875	-2.4674689769744873	1.5034735202789307
1.0799695253372192	0.23999999463558197	True	0	0	12	True	502.8219909667969	-16.90673828125	-5.138514518737793	0.5712121725082397
1.0799695253372192	0.23999999463558197	True	0	0	12	True	502.8280029296875	-17.88330078125	-6.364165782928467	-2.6273365020751953
