steer	throttle	manflag	dsx	dsy	bs	aflag	t	Gr	Ax	Ay
1.0799695253372192	0.11999999731779099	True	0	0	6	True	76.77899932861328	-100.89111328125	0.5161266922950745	2.3381378650665283
1.0799695253372192	0.11999999731779099	True	0	0	6	True	76.78299713134766	-99.2431640625	0.549058198928833	3.713477849960327
0.08701904118061066	0.23999999463558197	True	0	0	12	True	176.73800659179688	-1.52587890625	-1.1346404552459717	-0.6658154129981995
0.08701904118061066	0.23999999463558197	True	0	0	12	True	176.7429962158203	-1.8310546875	-0.700543224811554	0.5364843606948853
0.08701904118061066	0.23999999463558197	True	0	0	12	True	176.7480010986328	-4.0283203125	0.14789246022701263	-0.046104125678539276
0.11808593571186066	0.23999999463558197	True	0	0	12	True	176.7530059814453	-7.01904296875	1.2358300685882568	-0.9933343529701233
0.11808593571186066	0.23999999463558197	True	0	0	12	True	176.7570037841797	-5.9814453125	2.0124151706695557	-0.6622229218482971
0.12467773258686066	0.23999999463558197	True	0	0	12	True	176.76300048828125	-3.7841796875	-0.8107141256332397	0.9274713397026062
0.12467773258686066	0.23999999463558197	True	0	0	12	True	176.76800537109375	-0.3662109375	-1.177152156829834	1.577120304107666
0.12467773258686066	0.23999999463558197	True	0	0	12	True	176.7729949951172	2.62451171875	0.11076965183019638	0.20657043159008026
0.12891967594623566	0.23999999463558197	True	0	0	12	True	176.7779998779297	2.86865234375	0.6179150342941284	0.029937744140625
0.12891967594623566	0.23999999463558197	True	0	0	12	True	176.78199768066406	2.5634765625	0.6179150342941284	-1.981878638267517
0.12891967594623566	0.23999999463558197	True	0	0	12	True	176.78799438476562	1.3427734375	-2.06330943107605	1.482517123222351
0.13026244938373566	0.23999999463558197	True	0	0	12	True	176.79200744628906	4.0283203125	-2.4710614681243896	-0.3700305223464966
0.13026244938373566	0.23999999463558197	True	0	0	12	True	176.79800415039062	4.5166015625	-0.7214996218681335	0.13232482969760895
0.13026244938373566	0.23999999463558197	True	0	0	12	True	176.80299377441406	3.2958984375	1.2663666009902954	-0.6520440578460693
0.13236816227436066	0.23999999463558197	True	0	0	12	True	176.8070068359375	1.77001953125	0.7376660108566284	-0.3748205602169037
0.13236816227436066	0.23999999463558197	True	0	0	12	True	176.81300354003906	1.15966796875	-1.2208611965179443	-1.321452021598816
0.13236816227436066	0.23999999463558197	True	0	0	12	True	176.81700134277344	1.5869140625	-0.6137237548828125	0.07723937928676605
0.13236816227436066	0.23999999463558197	True	0	0	12	True	176.822998046875	0.91552734375	-0.3041674792766571	1.776505708694458
0.13352783024311066	0.23999999463558197	True	0	0	12	True	176.8280029296875	-1.3427734375	-0.18561401963233948	-1.7525554895401
0.13352783024311066	0.23999999463558197	True	0	0	12	True	176.83200073242188	-2.44140625	-0.3849993944168091	-1.0047106742858887
0.13352783024311066	0.23999999463558197	True	0	0	12	True	176.83799743652344	-2.0751953125	-1.4477893114089966	-0.8466393947601318
0.13352783024311066	0.23999999463558197	True	0	0	12	True	176.8419952392578	-1.28173828125	-0.9675878882408142	-0.3347039818763733
0.13352783024311066	0.23999999463558197	True	0	0	12	True	176.84800720214844	-0.732421875	-1.746567964553833	-0.16106505692005157
0.13352783024311066	0.23999999463558197	True	0	0	12	True	176.85299682617188	-0.6103515625	-1.7872833013534546	0.546663224697113
0.13352783024311066	0.23999999463558197	True	0	0	12	True	176.85699462890625	-1.40380859375	-0.37122803926467896	1.3879138231277466
0.13352783024311066	0.23999999463558197	True	0	0	12	True	176.86300659179688	-2.685546875	-0.8119116425514221	1.0346484184265137
0.13352783024311066	0.23999999463558197	True	0	0	12	True	176.86700439453125	-2.99072265625	-0.449066162109375	-1.037642240524292
0.13352783024311066	0.23999999463558197	True	0	0	12	True	176.8730010986328	-3.662109375	-0.5053490996360779	0.15867003798484802
0.13352783024311066	0.23999999463558197	True	0	0	12	True	176.8780059814453	-5.859375	-0.38739439845085144	2.0914506912231445
0.13352783024311066	0.23999999463558197	True	0	0	12	True	176.8820037841797	-8.7890625	0.546663224697113	2.926115036010742
0.12876708805561066	0.23999999463558197	True	0	0	12	True	176.88800048828125	-8.60595703125	1.0466235876083374	1.4358142614364624
0.12876708805561066	0.23999999463558197	True	0	0	12	True	176.89199829101562	-6.53076171875	-0.8885522484779358	-3.0662238597869873
0.12876708805561066	0.23999999463558197	True	0	0	12	True	176.8979949951172	-4.69970703125	-2.075883150100708	0.2754272520542145
0.12876708805561066	0.23999999463558197	True	0	0	12	True	176.9029998779297	-5.31005859375	0.19100280106067657	3.012934684753418
0.12876708805561066	0.23999999463558197	True	0	0	12	True	176.90699768066406	-7.99560546875	1.3460010290145874	2.342927932739258
0.12876708805561066	0.23999999463558197	True	0	0	12	True	176.91299438476562	-10.55908203125	1.2801378965377808	-0.24069947004318237
0.12589843571186066	0.23999999463558197	True	0	0	12	True	176.91700744628906	-10.986328125	-0.07783813774585724	-0.3287164270877838
0.12589843571186066	0.23999999463558197	True	0	0	12	True	176.92300415039062	-7.6904296875	-3.333867073059082	0.666414201259613
0.12589843571186066	0.23999999463558197	True	0	0	12	True	176.92799377441406	-5.0048828125	-1.4178515672683716	1.3825249671936035
0.12589843571186066	0.23999999463558197	True	0	0	12	True	176.9320068359375	-4.94384765625	-0.39637574553489685	2.2219793796539307
0.12147338688373566	0.23999999463558197	True	0	0	12	True	176.93800354003906	-7.01904296875	-0.3844006359577179	-0.3885919153690338
0.12147338688373566	0.23999999463558197	True	0	0	12	True	176.94200134277344	-7.9345703125	-2.106419563293457	0.908311128616333
0.12147338688373566	0.23999999463558197	True	0	0	12	True	176.947998046875	-9.6435546875	-1.4190490245819092	-0.39098694920539856
0.10902221500873566	0.23999999463558197	True	0	0	12	True	176.95199584960938	-8.7890625	0.028740234673023224	-1.6830999851226807
0.10902221500873566	0.23999999463558197	True	0	0	12	True	176.95700073242188	-8.544921875	0.4897814989089966	0.6041436791419983
0.10902221500873566	0.23999999463558197	True	0	0	12	True	176.96299743652344	-9.1552734375	0.470022588968277	0.9071136713027954
0.09763915836811066	0.23999999463558197	True	0	0	12	True	176.9669952392578	-10.3759765625	1.243015170097351	-0.2149530053138733
0.09763915836811066	0.23999999463558197	True	0	0	12	True	176.97300720214844	-11.71875	0.18262024223804474	1.990261197090149
0.09763915836811066	0.23999999463558197	True	0	0	12	True	176.9770050048828	-13.36669921875	0.7041357159614563	0.380209356546402
0.08289916813373566	0.23999999463558197	True	0	0	12	True	176.98199462890625	-13.7939453125	-0.2245330810546875	0.576600968837738
0.08289916813373566	0.23999999463558197	True	0	0	12	True	176.98800659179688	-12.63427734375	0.8346642851829529	0.15687377750873566
0.08289916813373566	0.23999999463558197	True	0	0	12	True	176.99200439453125	-10.55908203125	0.7819738984107971	1.1663745641708374
0.08289916813373566	0.23999999463558197	True	0	0	12	True	176.9980010986328	-7.87353515625	0.7496411204338074	1.1298505067825317
0.06446655094623566	0.23999999463558197	True	0	0	12	True	177.0019989013672	-7.9345703125	-0.7478448748588562	1.7830920219421387
0.06446655094623566	0.23999999463558197	True	0	0	12	True	177.0070037841797	-8.72802734375	-2.7213408946990967	0.7256909012794495
0.06446655094623566	0.23999999463558197	True	0	0	12	True	177.01300048828125	-7.01904296875	-2.7692413330078125	1.7944684028625488
0.04087646305561066	0.23999999463558197	True	0	0	12	True	177.01699829101562	-5.43212890625	-1.446591854095459	0.3544628918170929
0.04087646305561066	0.23999999463558197	True	0	0	12	True	177.0229949951172	-5.18798828125	0.24668700993061066	0.5783972144126892
0.04087646305561066	0.23999999463558197	True	0	0	12	True	177.02699279785156	-8.48388671875	0.47900390625	1.068178653717041
-0.019304199144244194	0.23999999463558197	True	0	0	12	True	177.03199768066406	-12.26806640625	0.08741821348667145	1.3346246480941772
-0.019304199144244194	0.23999999463558197	True	0	0	12	True	177.03799438476562	-13.5498046875	0.08262817561626434	1.0729687213897705
-0.019304199144244194	0.23999999463558197	True	0	0	12	True	177.04200744628906	-10.7421875	-0.4586462378501892	-0.680784285068512
-0.25383177399635315	0.23999999463558197	True	0	0	12	True	177.04800415039062	-8.1787109375	-0.7179071307182312	0.11076965183019638
-0.25383177399635315	0.23999999463558197	True	0	0	12	True	177.052001953125	-6.65283203125	0.21375548839569092	0.7717950344085693
-0.25383177399635315	0.23999999463558197	True	0	0	12	True	177.0570068359375	-7.9345703125	1.1250604391098022	1.3998888731002808
-0.29829588532447815	0.23999999463558197	True	0	0	12	True	177.06300354003906	-10.1318359375	0.03233276307582855	0.16286133229732513
-0.29829588532447815	0.23999999463558197	True	0	0	12	True	177.06700134277344	-11.3525390625	-0.12753479182720184	1.732197880744934
-0.29829588532447815	0.23999999463558197	True	0	0	12	True	177.072998046875	-10.009765625	-0.7310796976089478	1.5022759437561035
-0.29829588532447815	0.23999999463558197	True	0	0	12	True	177.07699584960938	-7.9345703125	-1.6375945806503296	-0.26105713844299316
-0.36589232087135315	0.23999999463558197	True	0	0	12	True	177.08200073242188	-6.53076171875	-0.6071374416351318	-0.7454498410224915
-0.36589232087135315	0.23999999463558197	True	0	0	12	True	177.08799743652344	-5.9814453125	-1.7854870557785034	-0.2850073277950287
-0.36589232087135315	0.23999999463558197	True	0	0	12	True	177.0919952392578	-6.7138671875	-2.1082160472869873	0.03652404621243477
-0.43275633454322815	0.23999999463558197	True	0	0	12	True	177.09800720214844	-7.14111328125	-1.6399896144866943	-0.7634124755859375
-0.43275633454322815	0.23999999463558197	True	0	0	12	True	177.1020050048828	-8.11767578125	-0.5412744283676147	-2.921923875808716
-0.43275633454322815	0.23999999463558197	True	0	0	12	True	177.10699462890625	-8.30078125	-0.4293072521686554	-1.267564058303833
-0.48979368805885315	0.23999999463558197	True	0	0	12	True	177.11099243164062	-6.103515625	-0.5706133842468262	-0.6819818019866943
-0.48979368805885315	0.23999999463558197	True	0	0	12	True	177.11700439453125	-3.84521484375	1.0160870552062988	0.09041199088096619
-0.48979368805885315	0.23999999463558197	True	0	0	12	True	177.1230010986328	1.708984375	2.0201990604400635	-3.075205087661743
-0.48979368805885315	0.23999999463558197	True	0	0	12	True	177.1269989013672	11.65771484375	2.355501651763916	-8.066425323486328
-0.5287341475486755	0.23999999463558197	True	0	0	12	True	177.1320037841797	20.32470703125	3.8583765029907227	-3.4063165187835693
-0.5287341475486755	0.23999999463558197	True	0	0	12	True	177.13600158691406	19.4091796875	1.4148577451705933	4.631967544555664
-0.5287341475486755	0.23999999463558197	True	0	0	12	True	177.14199829101562	4.69970703125	-0.7346722483634949	14.945520401000977
-0.5414599776268005	0.23999999463558197	True	0	0	12	True	177.1479949951172	-10.80322265625	-2.9183313846588135	-4.817581653594971
-0.5414599776268005	0.23999999463558197	True	0	0	12	True	177.15199279785156	-4.39453125	-1.291514277458191	-17.14055633544922
-0.5414599776268005	0.23999999463558197	True	0	0	12	True	177.15699768066406	14.2822265625	-0.7568261623382568	-6.618636608123779
-0.48854246735572815	0.23999999463558197	True	0	0	12	True	177.16099548339844	36.07177734375	1.7890795469284058	-1.656156063079834
-0.48854246735572815	0.23999999463558197	True	0	0	12	True	177.16700744628906	53.64990234375	2.4704625606536865	0.2933898866176605
-0.48854246735572815	0.23999999463558197	True	0	0	12	True	177.17300415039062	51.69677734375	1.3843213319778442	0.41733214259147644
-0.19935791194438934	0.23999999463558197	True	0	0	12	True	177.177001953125	42.29736328125	1.1382330656051636	4.088298320770264
-0.19935791194438934	0.23999999463558197	True	0	0	12	True	177.1820068359375	35.33935546875	0.017363891005516052	2.446512460708618
-0.19935791194438934	0.23999999463558197	True	0	0	12	True	177.18600463867188	34.60693359375	-1.901645541191101	-2.9398865699768066
0.06129272282123566	0.23999999463558197	True	0	0	12	True	177.19200134277344	40.0390625	-2.0704944133758545	-6.883884906768799
0.06129272282123566	0.23999999463558197	True	0	0	12	True	177.197998046875	49.31640625	1.353186011314392	-8.953780174255371
0.06129272282123566	0.23999999463558197	True	0	0	12	True	177.20199584960938	62.68310546875	5.2432966232299805	-7.279661655426025
0.07822997868061066	0.23999999463558197	True	0	0	12	True	177.20700073242188	72.57080078125	0.7688012719154358	-4.649930477142334
0.07822997868061066	0.23999999463558197	True	0	0	12	True	177.21099853515625	73.79150390625	0.2640509009361267	0.578995943069458
0.07822997868061066	0.23999999463558197	True	0	0	12	True	177.2169952392578	71.6552734375	-0.9113049507141113	-2.7800188064575195
0.07822997868061066	0.23999999463558197	True	0	0	12	True	177.22300720214844	70.00732421875	1.5447876453399658	-4.212839126586914
0.09477050602436066	0.23999999463558197	True	0	0	12	True	177.2270050048828	70.068359375	0.7071295380592346	-4.5559258460998535
0.09477050602436066	0.23999999463558197	True	0	0	12	True	177.23199462890625	75.25634765625	-0.980161726474762	-4.8840436935424805
0.09477050602436066	0.23999999463558197	True	0	0	12	True	177.23599243164062	82.09228515625	-1.73638916015625	-6.892866134643555
0.10883910953998566	0.23999999463558197	True	0	0	12	True	177.24200439453125	79.28466796875	3.2302825450897217	-8.383766174316406
0.10883910953998566	0.23999999463558197	True	0	0	12	True	177.2480010986328	63.41552734375	7.800578594207764	-0.8011340498924255
0.10883910953998566	0.23999999463558197	True	0	0	12	True	177.2519989013672	56.884765625	-2.9081525802612305	4.587060928344727
0.11933715641498566	0.23999999463558197	True	0	0	12	True	177.2570037841797	58.28857421875	-5.093008995056152	-1.9184106588363647
0.11933715641498566	0.23999999463558197	True	0	0	12	True	177.26100158691406	62.01171875	-4.936734199523926	-11.485316276550293
0.11933715641498566	0.23999999463558197	True	0	0	12	True	177.26699829101562	68.4814453125	-0.9436376690864563	-7.701784133911133
0.12583740055561066	0.23999999463558197	True	0	0	12	True	177.2729949951172	84.65576171875	3.155438184738159	-5.740262985229492
0.12583740055561066	0.23999999463558197	True	0	0	12	True	177.27699279785156	94.23828125	5.057083606719971	-4.521198272705078
0.12583740055561066	0.23999999463558197	True	0	0	12	True	177.28199768066406	93.81103515625	0.1251397728919983	3.9655535221099854
0.12937743961811066	0.23999999463558197	True	0	0	12	True	177.28599548339844	94.66552734375	-0.38140687346458435	5.909710884094238
0.12937743961811066	0.23999999463558197	True	0	0	12	True	177.29200744628906	92.529296875	-2.565065860748291	4.5044331550598145
0.12937743961811066	0.23999999463558197	True	0	0	12	True	177.29600524902344	86.97509765625	-2.495610237121582	1.9824774265289307
0.12937743961811066	0.23999999463558197	True	0	0	12	True	177.302001953125	79.1015625	-3.5584001541137695	-2.514171838760376
0.12937743961811066	0.23999999463558197	True	0	0	12	True	177.3070068359375	68.42041015625	-1.0585986375808716	-0.5460644364356995
0.12937743961811066	0.23999999463558197	True	0	0	12	True	177.31100463867188	57.861328125	-1.2867242097854614	1.2651690244674683
0.12937743961811066	0.23999999463558197	True	0	0	12	True	177.31700134277344	44.5556640625	-0.7131170630455017	1.331630825996399
0.12937743961811066	0.23999999463558197	True	0	0	12	True	177.3209991455078	30.09033203125	0.6215075850486755	0.2598596215248108
0.12937743961811066	0.23999999463558197	True	0	0	12	True	177.32699584960938	17.51708984375	0.23830443620681763	0.7987390160560608
0.12937743961811066	0.23999999463558197	True	0	0	12	True	177.33200073242188	11.16943359375	-0.28680360317230225	-1.0370434522628784
0.12937743961811066	0.23999999463558197	True	0	0	12	True	177.33599853515625	8.23974609375	-2.3105950355529785	-1.4759308099746704
0.12937743961811066	0.23999999463558197	True	0	0	12	True	177.3419952392578	6.103515625	-2.2686822414398193	-1.6555572748184204
0.12937743961811066	0.23999999463558197	True	0	0	12	True	177.3459930419922	3.11279296875	-0.05089416354894638	0.25267454981803894
0.12425048649311066	0.23999999463558197	True	0	0	12	True	177.3520050048828	-1.0986328125	-0.6879693865776062	1.4914984703063965
0.12425048649311066	0.23999999463558197	True	0	0	12	True	177.35699462890625	-4.69970703125	-1.1142828464508057	-0.010178833268582821
0.12425048649311066	0.23999999463558197	True	0	0	12	True	177.36099243164062	-7.32421875	0.7358697652816772	-1.0454260110855103
0.12425048649311066	0.23999999463558197	True	0	0	12	True	177.36700439453125	-7.4462890625	-0.380209356546402	-1.3885126113891602
0.12425048649311066	0.23999999463558197	True	0	0	12	True	177.37100219726562	-5.9814453125	-0.7424560785293579	-1.8309924602508545
0.12354858219623566	0.23999999463558197	True	0	0	12	True	177.3769989013672	-4.69970703125	-0.8532257080078125	1.9639160633087158
0.12122924625873566	0.23999999463558197	True	0	0	12	True	177.3820037841797	-3.72314453125	-0.30296996235847473	2.254910945892334
0.12122924625873566	0.23999999463558197	True	0	0	12	True	177.38600158691406	-1.708984375	-0.5346881151199341	-1.1166778802871704
0.12122924625873566	0.23999999463558197	True	0	0	12	True	177.39199829101562	-0.3662109375	-1.2358300685882568	-1.2292437553405762
0.12122924625873566	0.23999999463558197	True	0	0	12	True	177.39599609375	-0.79345703125	-1.5801141262054443	1.2825329303741455
0.12028320133686066	0.23999999463558197	True	0	0	12	True	177.40199279785156	-4.2724609375	-1.3202545642852783	1.402882695198059
0.12028320133686066	0.23999999463558197	True	0	0	12	True	177.40699768066406	-5.4931640625	-0.7137157917022705	-0.3754193186759949
0.12028320133686066	0.23999999463558197	True	0	0	12	True	177.41099548339844	-4.69970703125	-0.2981799244880676	-1.3495935201644897
0.12028320133686066	0.23999999463558197	True	0	0	12	True	177.41700744628906	-6.77490234375	-1.157393217086792	0.6203100681304932
0.12028320133686066	0.23999999463558197	True	0	0	12	True	177.42100524902344	-10.31494140625	0.07364685088396072	4.533771991729736
0.12028320133686066	0.23999999463558197	True	0	0	12	True	177.427001953125	-10.8642578125	-1.0011181831359863	3.3278796672821045
0.12028320133686066	0.23999999463558197	True	0	0	12	True	177.4320068359375	-11.29150390625	-0.1245410144329071	-2.1106109619140625
0.12028320133686066	0.23999999463558197	True	0	0	12	True	177.43600463867188	-11.29150390625	-0.4586462378501892	-2.183659076690674
0.12028320133686066	0.23999999463558197	True	0	0	12	True	177.44200134277344	-10.55908203125	-0.1945953369140625	1.0112969875335693
0.12028320133686066	0.23999999463558197	True	0	0	12	True	177.4459991455078	-8.60595703125	-0.29638367891311646	2.6985883712768555
0.12028320133686066	0.23999999463558197	True	0	0	12	True	177.45199584960938	-9.21630859375	-0.5939648151397705	0.9466314911842346
0.12028320133686066	0.23999999463558197	True	0	0	12	True	177.45599365234375	-12.6953125	0.15148498117923737	-0.22872436046600342
0.12028320133686066	0.23999999463558197	True	0	0	12	True	177.46099853515625	-13.36669921875	0.638871431350708	-0.5059478878974915
0.11826904118061066	0.23999999463558197	True	0	0	12	True	177.4669952392578	-9.6435546875	1.845961332321167	0.561033308506012
0.11826904118061066	0.23999999463558197	True	0	0	12	True	177.4709930419922	-6.7138671875	0.4346960484981537	4.138593673706055
0.11826904118061066	0.23999999463558197	True	0	0	12	True	177.4770050048828	-8.72802734375	-0.5119354128837585	1.696272611618042
0.11826904118061066	0.23999999463558197	True	0	0	12	True	177.4810028076172	-13.00048828125	-1.0609936714172363	0.2556683421134949
0.11826904118061066	0.23999999463558197	True	0	0	12	True	177.48599243164062	-16.2353515625	0.9328601360321045	-0.44547364115715027
0.11826904118061066	0.23999999463558197	True	0	0	12	True	177.49200439453125	-14.70947265625	0.7502398490905762	-1.6232244968414307
0.11826904118061066	0.23999999463558197	True	0	0	12	True	177.49600219726562	-11.04736328125	0.14250366389751434	1.6148419380187988
0.11826904118061066	0.23999999463558197	True	0	0	12	True	177.5019989013672	-8.36181640625	0.023351440206170082	3.0003607273101807
0.11826904118061066	0.23999999463558197	True	0	0	12	True	177.50599670410156	-6.9580078125	0.27662476897239685	3.590733051300049
0.11723144352436066	0.23999999463558197	True	0	0	12	True	177.51100158691406	-7.62939453125	-0.3454815745353699	-0.2652484178543091
0.11723144352436066	0.23999999463558197	True	0	0	12	True	177.51699829101562	-9.21630859375	1.8309924602508545	-1.0304571390151978
0.11723144352436066	0.23999999463558197	True	0	0	12	True	177.52099609375	-9.70458984375	-0.24189697206020355	-1.302890658378601
0.11723144352436066	0.23999999463558197	True	0	0	12	True	177.52699279785156	-12.20703125	-0.6125262379646301	2.067500591278076
0.11723144352436066	0.23999999463558197	True	0	0	12	True	177.531005859375	-11.8408203125	-1.1891272068023682	3.0997540950775146
0.11723144352436066	0.23999999463558197	True	0	0	12	True	177.53599548339844	-10.986328125	1.0472222566604614	1.9806811809539795
0.11723144352436066	0.23999999463558197	True	0	0	12	True	177.54200744628906	-9.521484375	1.3939013481140137	-0.49756529927253723
0.11723144352436066	0.23999999463558197	True	0	0	12	True	177.54600524902344	-11.8408203125	-0.3844006359577179	-0.4484674036502838
0.11723144352436066	0.23999999463558197	True	0	0	12	True	177.552001953125	-13.97705078125	-0.8436456322669983	0.329315185546875
0.11723144352436066	0.23999999463558197	True	0	0	12	True	177.55599975585938	-14.46533203125	-1.038240909576416	0.8532257080078125
0.11723144352436066	0.23999999463558197	True	0	0	12	True	177.56100463867188	-13.61083984375	-0.17064514756202698	-1.0190807580947876
0.11723144352436066	0.23999999463558197	True	0	0	12	True	177.56700134277344	-13.0615234375	0.9753717184066772	0.8149054050445557
0.11723144352436066	0.23999999463558197	True	0	0	12	True	177.5709991455078	-9.765625	-0.4496649205684662	2.6303300857543945
0.11723144352436066	0.23999999463558197	True	0	0	12	True	177.57699584960938	-6.53076171875	-0.24189697206020355	1.9872674942016602
0.11723144352436066	0.23999999463558197	True	0	0	12	True	177.58099365234375	-5.37109375	-0.17184264957904816	-0.768202543258667
0.11723144352436066	0.23999999463558197	True	0	0	12	True	177.58599853515625	-7.01904296875	0.7328760027885437	0.48618897795677185
0.11723144352436066	0.23999999463558197	True	0	0	12	True	177.5919952392578	-8.1787109375	0.5801934599876404	3.0069470405578613
0.11723144352436066	0.23999999463558197	True	0	0	12	True	177.5959930419922	-8.72802734375	0.42691221833229065	0.8167016506195068
0.11723144352436066	0.23999999463558197	True	0	0	12	True	177.6020050048828	-10.8642578125	-0.920286238193512	-1.041833519935608
0.10340698063373566	0.23999999463558197	True	0	0	12	True	177.6060028076172	-12.87841796875	-1.181942105293274	-0.546663224697113
0.10340698063373566	0.23999999463558197	True	0	0	12	True	177.61099243164062	-10.7421875	-0.24069947004318237	-0.9538165330886841
0.10340698063373566	0.23999999463558197	True	0	0	12	True	177.61700439453125	-7.8125	1.7794995307922363	1.4753320217132568
0.10340698063373566	0.23999999463558197	True	0	0	12	True	177.62100219726562	-8.97216796875	0.19758911430835724	2.7674450874328613
0.07331664860248566	0.23999999463558197	True	0	0	12	True	177.6269989013672	-11.29150390625	-1.392703890800476	-0.29638367891311646
0.07331664860248566	0.23999999463558197	True	0	0	12	True	177.63099670410156	-12.75634765625	-0.550854504108429	0.14130614697933197
0.07331664860248566	0.23999999463558197	True	0	0	12	True	177.63600158691406	-13.427734375	0.5897735357284546	-1.4124627113342285
-0.15132324397563934	0.23999999463558197	True	0	0	12	True	177.64100646972656	-12.14599609375	-0.16346007585525513	-0.8418493866920471
-0.15132324397563934	0.23999999463558197	True	0	0	12	True	177.64599609375	-10.009765625	0.12813355028629303	3.3895514011383057
-0.15132324397563934	0.23999999463558197	True	0	0	12	True	177.65199279785156	-7.01904296875	-1.2454102039337158	2.5273444652557373
-0.49699583649635315	0.23999999463558197	True	0	0	12	True	177.656005859375	-3.96728515625	-0.04430786147713661	1.157393217086792
-0.49699583649635315	0.23999999463558197	True	0	0	12	True	177.66099548339844	-4.150390625	0.546663224697113	-0.5879772901535034
-0.49699583649635315	0.23999999463558197	True	0	0	12	True	177.66600036621094	-7.6904296875	-0.4131408631801605	0.47062134742736816
-0.7407397627830505	0.23999999463558197	True	0	0	12	True	177.67100524902344	-10.55908203125	-0.2754272520542145	1.7196240425109863
-0.7407397627830505	0.23999999463558197	True	0	0	12	True	177.677001953125	-9.46044921875	-0.8652008175849915	-0.05748046934604645
-0.7407397627830505	0.23999999463558197	True	0	0	12	True	177.68099975585938	-8.30078125	-0.5975573658943176	-1.652563452720642
-0.7789172530174255	0.23999999463558197	True	0	0	12	True	177.68600463867188	-8.7890625	0.07185058295726776	0.6747967600822449
-0.7789172530174255	0.23999999463558197	True	0	0	12	True	177.6909942626953	-9.8876953125	0.46044251322746277	2.1405487060546875
-0.7789172530174255	0.23999999463558197	True	0	0	12	True	177.6959991455078	-11.16943359375	0.33290770649909973	0.9208850264549255
-0.7789172530174255	0.23999999463558197	True	0	0	12	True	177.70199584960938	-12.51220703125	-1.2148736715316772	0.1652563512325287
-0.8127307295799255	0.23999999463558197	True	0	0	12	True	177.70599365234375	-12.63427734375	-1.5938855409622192	-2.0393590927124023
-0.8127307295799255	0.23999999463558197	True	0	0	12	True	177.71099853515625	-13.73291015625	0.010777588002383709	-1.1705658435821533
-0.8127307295799255	0.23999999463558197	True	0	0	12	True	177.71600341796875	-15.380859375	-0.6490502953529358	2.117197275161743
-0.8330249190330505	0.23999999463558197	True	0	0	12	True	177.7209930419922	-12.87841796875	1.2861255407333374	-0.3305127024650574
-0.8330249190330505	0.23999999463558197	True	0	0	12	True	177.7270050048828	-9.6435546875	0.21315674483776093	-2.057321786880493
-0.8330249190330505	0.23999999463558197	True	0	0	12	True	177.7310028076172	-6.16455078125	-0.9214837551116943	-2.683619499206543
-0.8051623702049255	0.23999999463558197	True	0	0	12	True	177.73599243164062	-1.46484375	0.30656251311302185	-3.071612596511841
-0.8051623702049255	0.23999999463558197	True	0	0	12	True	177.74099731445312	3.23486328125	0.10238708555698395	-3.0770013332366943
-0.8051623702049255	0.23999999463558197	True	0	0	12	True	177.74600219726562	8.36181640625	0.5981561541557312	-2.4674689769744873
-0.5426196455955505	0.23999999463558197	True	0	0	12	True	177.7519989013672	13.48876953125	-1.492695927619934	-1.3693524599075317
-0.5426196455955505	0.23999999463558197	True	0	0	12	True	177.75599670410156	19.22607421875	0.43589356541633606	-4.087100982666016
-0.5426196455955505	0.23999999463558197	True	0	0	12	True	177.76100158691406	25.57373046875	1.9447559118270874	-3.844006299972534
-0.5426196455955505	0.23999999463558197	True	0	0	12	True	177.76600646972656	29.96826171875	-0.040116578340530396	-0.34667909145355225
-0.16002075374126434	0.23999999463558197	True	0	0	12	True	177.77099609375	33.0810546875	1.5573614835739136	-0.5897735357284546
-0.16002075374126434	0.23999999463558197	True	0	0	12	True	177.77699279785156	37.65869140625	-0.7496411204338074	-5.004393100738525
-0.16002075374126434	0.23999999463558197	True	0	0	12	True	177.781005859375	43.39599609375	-0.8909472823143005	-5.236111640930176
0.07664306461811066	0.23999999463558197	True	0	0	12	True	177.78599548339844	48.03466796875	-0.6101312041282654	-3.0470635890960693
0.07664306461811066	0.23999999463558197	True	0	0	12	True	177.79100036621094	52.30712890625	-0.18860778212547302	-3.5554065704345703
0.07664306461811066	0.23999999463558197	True	0	0	12	True	177.79600524902344	60.302734375	1.8585351705551147	-4.313430309295654
0.09300048649311066	0.23999999463558197	True	0	0	12	True	177.8000030517578	68.42041015625	3.0494585037231445	-7.456893444061279
0.09300048649311066	0.23999999463558197	True	0	0	12	True	177.80599975585938	73.05908203125	2.0686981678009033	-4.3272013664245605
0.09300048649311066	0.23999999463558197	True	0	0	12	True	177.81100463867188	74.8291015625	0.6125262379646301	-2.6716442108154297
0.10584838688373566	0.23999999463558197	True	0	0	12	True	177.8159942626953	76.171875	0.4179309010505676	-1.253193974494934
0.10584838688373566	0.23999999463558197	True	0	0	12	True	177.8209991455078	77.94189453125	-1.0095007419586182	-1.869911551475525
0.10584838688373566	0.23999999463558197	True	0	0	12	True	177.8249969482422	82.3974609375	-0.46702879667282104	-7.923323154449463
0.11701782047748566	0.23999999463558197	True	0	0	12	True	177.83099365234375	90.51513671875	2.5896148681640625	-7.9197306632995605
0.11701782047748566	0.23999999463558197	True	0	0	12	True	177.83599853515625	98.93798828125	1.8393750190734863	-6.135441303253174
0.11701782047748566	0.23999999463558197	True	0	0	12	True	177.84100341796875	103.82080078125	-0.19220031797885895	-4.328997611999512
0.11701782047748566	0.23999999463558197	True	0	0	12	True	177.8459930419922	105.712890625	-0.4035607874393463	-4.603227615356445
0.12415893375873566	0.23999999463558197	True	0	0	12	True	177.85000610351562	103.33251953125	1.4388079643249512	-5.677992343902588
0.12415893375873566	0.23999999463558197	True	0	0	12	True	177.8560028076172	101.806640625	0.8897497653961182	-4.927154064178467
0.12415893375873566	0.23999999463558197	True	0	0	12	True	177.86099243164062	109.92431640625	0.6658154129981995	-2.8698320388793945
0.12794311344623566	0.23999999463558197	True	0	0	12	True	177.86599731445312	117.5537109375	-0.15747253596782684	-4.2559494972229
0.12794311344623566	0.23999999463558197	True	0	0	12	True	177.87100219726562	116.69921875	0.39098694920539856	-5.509143829345703
0.12794311344623566	0.23999999463558197	True	0	0	12	True	177.875	107.7880859375	0.2047741711139679	-2.4596850872039795
0.12794311344623566	0.23999999463558197	True	0	0	12	True	177.88099670410156	100.28076171875	-0.17064514756202698	-2.945873975753784
0.12794311344623566	0.23999999463558197	True	0	0	12	True	177.88600158691406	91.61376953125	1.1957135200500488	-2.9871881008148193
0.12794311344623566	0.23999999463558197	True	0	0	12	True	177.89100646972656	83.6181640625	2.2716760635375977	-3.921245813369751
0.12794311344623566	0.23999999463558197	True	0	0	12	True	177.89599609375	77.69775390625	0.6119275093078613	2.2992186546325684
0.12794311344623566	0.23999999463558197	True	0	0	12	True	177.89999389648438	73.18115234375	-1.7315990924835205	3.16202449798584
0.12794311344623566	0.23999999463558197	True	0	0	12	True	177.906005859375	67.19970703125	-0.6993457078933716	-1.5022759437561035
0.12794311344623566	0.23999999463558197	True	0	0	12	True	177.91099548339844	56.884765625	0.049097899347543716	-5.140909194946289
0.12794311344623566	0.23999999463558197	True	0	0	12	True	177.91600036621094	44.00634765625	0.42092469334602356	-3.8643639087677
0.12794311344623566	0.23999999463558197	True	0	0	12	True	177.92100524902344	36.07177734375	-2.4219634532928467	2.7812163829803467
0.12794311344623566	0.23999999463558197	True	0	0	12	True	177.9250030517578	34.912109375	-1.0328521728515625	-0.6747967600822449
0.12794311344623566	0.23999999463558197	True	0	0	12	True	177.93099975585938	30.76171875	-1.0095007419586182	-0.2742297351360321
0.12794311344623566	0.23999999463558197	True	0	0	12	True	177.93600463867188	22.216796875	-1.8836828470230103	0.6149212718009949
0.12794311344623566	0.23999999463558197	True	0	0	12	True	177.9409942626953	12.5732421875	-0.48678770661354065	0.6939569115638733
0.12794311344623566	0.23999999463558197	True	0	0	12	True	177.9459991455078	7.2021484375	0.7813751101493835	-2.3507115840911865
0.12794311344623566	0.23999999463558197	True	0	0	12	True	177.9499969482422	6.65283203125	0.37242552638053894	-1.486708402633667
0.12794311344623566	0.23999999463558197	True	0	0	12	True	177.95599365234375	7.99560546875	0.5340893268585205	0.9154962301254272
0.12794311344623566	0.23999999463558197	True	0	0	12	True	177.9600067138672	8.9111328125	0.29279112815856934	0.11855346709489822
0.12794311344623566	0.23999999463558197	True	0	0	12	True	177.96600341796875	7.75146484375	0.14250366389751434	1.0298583507537842
0.12794311344623566	0.23999999463558197	True	0	0	12	True	177.9709930419922	7.75146484375	0.6849755644798279	1.6411871910095215
0.12794311344623566	0.23999999463558197	True	0	0	12	True	177.97500610351562	6.40869140625	0.16106505692005157	0.09280700981616974
0.12794311344623566	0.23999999463558197	True	0	0	12	True	177.9810028076172	2.13623046875	-0.46223875880241394	0.6023474335670471
0.12794311344623566	0.23999999463558197	True	0	0	12	True	177.98500061035156	-2.9296875	-1.187330961227417	0.3496728539466858
0.12794311344623566	0.23999999463558197	True	0	0	12	True	177.99099731445312	-3.96728515625	-1.2945080995559692	1.2286449670791626
0.12794311344623566	0.23999999463558197	True	0	0	12	True	177.99600219726562	-1.28173828125	-1.9208056926727295	-0.5298980474472046
0.12794311344623566	0.23999999463558197	True	0	0	12	True	178.0	-0.6103515625	-0.8741821050643921	0.006586303934454918
0.12794311344623566	0.23999999463558197	True	0	0	12	True	178.00599670410156	-3.60107421875	-0.5275030732154846	1.326840877532959
0.12794311344623566	0.23999999463558197	True	0	0	12	True	178.00999450683594	-7.6904296875	0.1347198486328125	0.636476457118988
0.12794311344623566	0.23999999463558197	True	0	0	12	True	178.01600646972656	-7.9345703125	1.1903246641159058	-1.1047027111053467
0.12794311344623566	0.23999999463558197	True	0	0	12	True	178.02099609375	-6.04248046875	0.6975494623184204	0.818497896194458
0.12794311344623566	0.23999999463558197	True	0	0	12	True	178.02499389648438	-6.16455078125	0.40056702494621277	0.3041674792766571
0.12794311344623566	0.23999999463558197	True	0	0	12	True	178.031005859375	-7.26318359375	1.490899682044983	0.987945556640625
0.12794311344623566	0.23999999463558197	True	0	0	12	True	178.03500366210938	-7.99560546875	1.5322136878967285	1.3603711128234863
0.12794311344623566	0.23999999463558197	True	0	0	12	True	178.04100036621094	-7.26318359375	0.2796185314655304	2.533331871032715
0.12794311344623566	0.23999999463558197	True	0	0	12	True	178.04600524902344	-6.53076171875	-0.4436773657798767	1.013692021369934
0.36787232756614685	0.23999999463558197	True	0	0	12	True	178.0500030517578	-7.50732421875	-1.1759545803070068	-0.48259642720222473
0.36787232756614685	0.23999999463558197	True	0	0	12	True	178.05599975585938	-10.6201171875	-0.4945715367794037	-1.5645464658737183
0.36787232756614685	0.23999999463558197	True	0	0	12	True	178.05999755859375	-11.04736328125	-0.5843847393989563	-1.3783336877822876
1.0799695253372192	0.23999999463558197	True	0	0	12	True	178.0659942626953	-8.36181640625	-1.2220587730407715	2.057920455932617
1.0799695253372192	0.23999999463558197	True	0	0	12	True	178.0709991455078	-4.150390625	-2.4291486740112305	1.33342707157135
1.0799695253372192	0.23999999463558197	True	0	0	12	True	178.0760040283203	-2.685546875	-0.7508386373519897	0.28081604838371277
1.0799695253372192	0.23999999463558197	True	0	0	12	True	178.0800018310547	-5.4931640625	0.23830443620681763	1.4657520055770874
1.0799695253372192	0.23999999463558197	True	0	0	12	True	178.0850067138672	-8.97216796875	0.41074585914611816	1.4142590761184692
1.0799695253372192	0.23999999463558197	True	0	0	12	True	178.08999633789062	-8.11767578125	0.9693841338157654	-0.058677978813648224
1.0799695253372192	0.23999999463558197	True	0	0	12	True	178.0959930419922	-4.39453125	0.7454498410224915	-1.0496172904968262
1.0799695253372192	0.23999999463558197	True	0	0	12	True	178.1009979248047	-2.62451171875	0.7771838307380676	0.6951544284820557
1.0799695253372192	0.23999999463558197	True	0	0	12	True	178.1060028076172	-3.5400390625	-0.4203259348869324	2.762056350708008
1.0799695253372192	0.23999999463558197	True	0	0	12	True	178.11000061035156	-5.0048828125	-0.856219470500946	4.832550525665283
1.0799695253372192	0.23999999463558197	True	0	0	12	True	178.11500549316406	-7.26318359375	0.1742376685142517	2.606379985809326
1.0799695253372192	0.23999999463558197	True	0012	True	1.646151128502146e-38	0.00.00.0
1.0799695253372192	0.23999999463558197	True	0	0	12	True	178.125	-19.22607421875	0.18621276319026947	2.5219554901123047
1.0799695253372192	0.23999999463558197	True	0	0	12	True	178.13099670410156	-26.79443359375	-0.21315674483776093	2.7991790771484375
1.0799695253372192	0.23999999463558197	True	0	0	12	True	178.13600158691406	-30.33447265625	-0.576600968837738	-0.48738646507263184
1.0799695253372192	0.23999999463558197	True	0	0	12	True	178.13999938964844	-29.96826171875	-1.152004361152649	-0.5861810445785522
1.0799695253372192	0.23999999463558197	True	0	0	12	True	178.14500427246094	-30.029296875	-1.341210961341858	3.062032461166382
1.0799695253372192	0.23999999463558197	True	0	0	12	True	178.14999389648438	-35.2783203125	-0.9574090838432312	5.537285327911377
1.0799695253372192	0.23999999463558197	True	0	0	12	True	178.15499877929688	-42.05322265625	2.074685573577881	1.716630220413208
1.0799695253372192	0.23999999463558197	True	0	0	12	True	178.16099548339844	-46.69189453125	4.402644634246826	1.850152611732483
1.0799695253372192	0.23999999463558197	True	0	0	12	True	178.1649932861328	-49.01123046875	3.3488359451293945	2.4004082679748535
1.0799695253372192	0.23999999463558197	True	0	0	12	True	178.1699981689453	-51.7578125	1.2885204553604126	3.163820743560791
1.0799695253372192	0.23999999463558197	True	0	0	12	True	178.1750030517578	-55.11474609375	0.43050476908683777	4.443359851837158
1.0799695253372192	0.23999999463558197	True	0	0	12	True	178.17999267578125	-57.2509765625	0.16705261170864105	7.674241542816162
1.0799695253372192	0.23999999463558197	True	0	0	12	True	178.18499755859375	-60.9130859375	-0.14370116591453552	7.4886274337768555
1.0799695253372192	0.23999999463558197	True	0	0	12	True	178.1909942626953	-68.42041015625	3.2290849685668945	3.681743860244751
1.0799695253372192	0.23999999463558197	True	0	0	12	True	178.1959991455078	-77.1484375	1.4591656923294067	2.9291088581085205
1.0799695253372192	0.23999999463558197	True	0	0	12	True	178.1999969482422	-81.72607421875	0.37242552638053894	5.118156909942627
1.0799695253372192	0.23999999463558197	True	0	0	12	True	178.2050018310547	-77.880859375	0.01796264573931694	5.630092144012451
1.0799695253372192	0.23999999463558197	True	0	0	12	True	178.2100067138672	-73.2421875	0.7125183343887329	3.3105156421661377
1.0799695253372192	0.23999999463558197	True	0	0	12	True	178.21499633789062	-75.01220703125	-0.5712121725082397	3.242257595062256
1.0799695253372192	0.23999999463558197	True	0	0	12	True	178.2209930419922	-81.9091796875	-1.4435980319976807	9.18370246887207
1.0799695253372192	0.23999999463558197	True	0	0	12	True	178.2259979248047	-88.7451171875	1.1154803037643433	9.016650199890137
1.0799695253372192	0.23999999463558197	True	0	0	12	True	178.22999572753906	-89.35546875	3.3679962158203125	3.9146595001220703
1.0799695253372192	0.23999999463558197	True	0	0	12	True	178.23500061035156	-85.5712890625	0.6628216505050659	1.8214123249053955
1.0799695253372192	0.23999999463558197	True	0	0	12	True	178.24000549316406	-80.6884765625	-0.9250763058662415	-0.6131250262260437
1.0799695253372192	0.23999999463558197	True	0	0	12	True	178.2449951171875	-81.60400390625	-1.167572021484375	5.005590915679932
1.0799695253372192	0.23999999463558197	True	0	0	12	True	178.25	-82.09228515625	0.13771362602710724	7.172484874725342
1.0799695253372192	0.23999999463558197	True	0	0	12	True	178.25599670410156	-86.669921875	-1.6657360792160034	7.264094352722168
1.0799695253372192	0.23999999463558197	True	0	0	12	True	178.25999450683594	-93.93310546875	3.084186315536499	5.256469249725342
1.0799695253372192	0.23999999463558197	True	0	0	12	True	178.26499938964844	-98.7548828125	0.9819580316543579	3.3895514011383057
1.0799695253372192	0.23999999463558197	True	0	0	12	True	178.27000427246094	-101.86767578125	0.7280859351158142	1.3843213319778442
1.0799695253372192	0.23999999463558197	True	0	0	12	True	178.27499389648438	-101.98974609375	0.4640350341796875	5.99233865737915
1.0799695253372192	0.23999999463558197	True	0	0	12	True	178.27999877929688	-96.435546875	1.097517728805542	5.6420674324035645
1.0799695253372192	0.23999999463558197	True	0	0	12	True	178.28599548339844	-93.20068359375	2.366878032684326	6.279741287231445
1.0799695253372192	0.23999999463558197	True	0	0	12	True	178.2899932861328	-96.49658203125	-0.27303221821784973	3.914060592651367
1.0799695253372192	0.23999999463558197	True	0	0	12	True	178.2949981689453	-99.853515625	0.30656251311302185	8.2658109664917
1.0799695253372192	0.23999999463558197	True	0	0	12	True	178.3000030517578	-104.4921875	2.386038303375244	9.322613716125488
1.0799695253372192	0.23999999463558197	True	0	0	12	True	178.30499267578125	-109.375	5.0241522789001465	5.099595546722412
1.0799695253372192	0.23999999463558197	True	0	0	12	True	178.30999755859375	-111.328125	0.44726988673210144	2.733914852142334
1.0799695253372192	0.23999999463558197	True	0	0	12	True	178.3159942626953	-106.689453125	-1.011895775794983	4.552333354949951
1.0799695253372192	0.23999999463558197	True	0	0	12	True	178.31900024414062	-106.5673828125	-2.672841787338257	5.645659923553467
1.0799695253372192	0.23999999463558197	True	0	0	12	True	178.3249969482422	-111.328125	4.497247695922852	7.9796061515808105
1.0799695253372192	0.23999999463558197	True	0	0	12	True	178.3300018310547	-112.1826171875	5.722898960113525	7.980205059051514
1.0799695253372192	0.23999999463558197	True	0	0	12	True	178.3350067138672	-110.4736328125	0.8897497653961182	4.057163238525391
1.0799695253372192	0.23999999463558197	True	0	0	12	True	178.33999633789062	-109.92431640625	-0.7807763814926147	3.362008571624756
1.0799695253372192	0.23999999463558197	True	0	0	12	True	178.3459930419922	-111.99951171875	-0.8394543528556824	3.600313186645508
1.0799695253372192	0.23999999463558197	True	0	0	12	True	178.3489990234375	-116.943359375	1.4974859952926636	8.578960418701172
1.0799695253372192	0.23999999463558197	True	0	0	12	True	178.35499572753906	-123.22998046875	3.830235004425049	9.16274642944336
1.0799695253372192	0.23999999463558197	True	0	0	12	True	178.36000061035156	-128.662109375	2.1231849193573	7.5796380043029785
1.0799695253372192	0.23999999463558197	True	0	0	12	True	178.36500549316406	-130.4931640625	0.7532336711883545	5.172643661499023
1.0799695253372192	0.23999999463558197	True	0	0	12	True	178.3699951171875	-131.8359375	0.9645941257476807	2.027982711791992
1.0799695253372192	0.23999999463558197	True	0	0	12	True	178.375	-132.50732421875	0.9035211205482483	1.792073369026184
1.0799695253372192	0.23999999463558197	True	0	0	12	True	178.37899780273438	-135.31494140625	1.071771264076233	3.970343589782715
1.0799695253372192	0.23999999463558197	True	0	0	12	True	178.38499450683594	-133.60595703125	0.3832031190395355	10.726694107055664
1.0799695253372192	0.23999999463558197	True	0	0	12	True	178.38999938964844	-136.1083984375	0.45146119594573975	5.85642147064209
1.0799695253372192	0.23999999463558197	True	0	0	12	True	178.39500427246094	-143.12744140625	1.6537610292434692	5.559439182281494
1.0799695253372192	0.23999999463558197	True	0	0	12	True	178.39999389648438	-152.28271484375	2.514171838760376	8.34843921661377
1.0799695253372192	0.23999999463558197	True	0	0	12	True	178.40499877929688	-151.18408203125	3.861968994140625	7.374265193939209
1.0799695253372192	0.23999999463558197	True	0	0	12	True	178.40899658203125	-145.08056640625	1.3705499172210693	6.164181709289551
1.0799695253372192	0.23999999463558197	True	0	0	12	True	178.4149932861328	-143.5546875	4.648134231567383	5.266049385070801
1.0799695253372192	0.23999999463558197	True	0	0	12	True	178.4199981689453	-142.9443359375	3.861968994140625	6.453380107879639
1.0799695253372192	0.23999999463558197	True	0	0	12	True	178.4250030517578	-146.91162109375	1.7483642101287842	7.602989673614502
1.0799695253372192	0.23999999463558197	True	0	0	12	True	178.42999267578125	-150.634765625	1.1208691596984863	8.757987976074219
1.0799695253372192	0.23999999463558197	True	0	0	12	True	178.43499755859375	-152.2216796875	2.034569025039673	9.587263107299805
1.0799695253372192	0.23999999463558197	True	0	0	12	True	178.43899536132812	-150.7568359375	3.8751416206359863	6.10250997543335
1.0799695253372192	0.23999999463558197	True	0	0	12	True	178.44400024414062	-150.634765625	1.3705499172210693	3.593726873397827
1.0799695253372192	0.23999999463558197	True	0	0	12	True	178.4499969482422	-158.203125	0.15388000011444092	5.567223072052002
1.0799695253372192	0.23999999463558197	True	0	0	12	True	178.4550018310547	-169.00634765625	3.043471097946167	5.825884819030762
1.0799695253372192	0.23999999463558197	True	0	0	12	True	178.4600067138672	-173.7060546875	2.7512786388397217	7.844886302947998
1.0799695253372192	0.23999999463558197	True	0	0	12	True	178.46499633789062	-172.7294921875	1.935774564743042	5.901328086853027
1.0799695253372192	0.23999999463558197	True	0	0	12	True	178.468994140625	-164.24560546875	-0.33171021938323975	3.712878942489624
1.0799695253372192	0.23999999463558197	True	0	0	12	True	178.47500610351562	-162.7197265625	1.1999047994613647	7.8287200927734375
1.0799695253372192	0.23999999463558197	True	0	0	12	True	178.47999572753906	-161.43798828125	1.1699670553207397	8.031698226928711
1.0799695253372192	0.23999999463558197	True	0	0	12	True	178.48500061035156	-168.9453125	2.9069550037384033	7.388036727905273
1.0799695253372192	0.23999999463558197	True	0	0	12	True	178.49000549316406	-177.3681640625	3.77215576171875	4.329596519470215
1.0799695253372192	0.23999999463558197	True	0	0	12	True	178.4949951171875	-183.9599609375	0.16166381537914276	6.5617547035217285
1.0799695253372192	0.23999999463558197	True	0	0	12	True	178.49899291992188	-182.861328125	3.8673577308654785	9.005871772766113
1.0799695253372192	0.23999999463558197	True	0	0	12	True	178.50399780273438	-178.7109375	2.9303064346313477	8.38077163696289
1.0799695253372192	0.23999999463558197	True	0	0	12	True	178.50999450683594	-174.37744140625	1.5980768203735352	4.6050238609313965
1.0799695253372192	0.23999999463558197	True	0	0	12	True	178.51499938964844	-168.64013671875	1.862127661705017	4.7463297843933105
1.0799695253372192	0.23999999463558197	True	0	0	12	True	178.52000427246094	-172.18017578125	0.650846540927887	4.846920967102051
1.0799695253372192	0.23999999463558197	True	0	0	12	True	178.52499389648438	-183.2275390625	2.6279351711273193	5.004393100738525
1.0799695253372192	0.23999999463558197	True	0	0	12	True	178.5290069580078	-195.4345703125	1.1687694787979126	9.157357215881348
1.0799695253372192	0.23999999463558197	True	0	0	12	True	178.53399658203125	-198.6083984375	2.115999698638916	10.352472305297852
1.0799695253372192	0.23999999463558197	True	0	0	12	True	178.5399932861328	-192.07763671875	1.367556095123291	8.959768295288086
1.0799695253372192	0.23999999463558197	True	0	0	12	True	178.5449981689453	-183.41064453125	0.02694397047162056	0.24369323253631592
1.0799695253372192	0.23999999463558197	True	0	0	12	True	178.5500030517578	-184.38720703125	0.2251318395137787	2.1609063148498535
1.0799695253372192	0.23999999463558197	True	0	0	12	True	178.55499267578125	-191.162109375	2.4381299018859863	6.973099231719971
1.0799695253372192	0.23999999463558197	True	0	0	12	True	178.5590057373047	-194.76318359375	4.670886993408203	10.856623649597168
1.0799695253372192	0.23999999463558197	True	0	0	12	True	178.56399536132812	-194.091796875	1.9082318544387817	5.281018257141113
1.0799695253372192	0.23999999463558197	True	0	0	12	True	178.56900024414062	-195.37353515625	1.3064831495285034	6.706653594970703
1.0799695253372192	0.23999999463558197	True	0	0	12	True	178.5749969482422	-192.44384765625	1.2759466171264648	4.757107734680176
1.0799695253372192	0.23999999463558197	True	0	0	12	True	178.5800018310547	-193.2373046875	-0.1844165027141571	7.344926357269287
1.0799695253372192	0.23999999463558197	True	0	0	12	True	178.5850067138672	-202.392578125	3.382965087890625	10.986553192138672
1.0799695253372192	0.23999999463558197	True	0	0	12	True	178.58900451660156	-206.23779296875	5.040318489074707	6.856342315673828
1.0799695253372192	0.23999999463558197	True	0	0	12	True	178.593994140625	-204.52880859375	1.8178198337554932	4.052372932434082
1.0799695253372192	0.23999999463558197	True	0	0	12	True	178.5989990234375	-197.44873046875	-0.3454815745353699	1.1543993949890137
1.0799695253372192	0.23999999463558197	True	0	0	12	True	178.60499572753906	-197.509765625	-0.5957611203193665	6.545588493347168
1.0799695253372192	0.23999999463558197	True	0	0	12	True	178.61000061035156	-203.2470703125	-0.1850152611732483	7.513774871826172
1.0799695253372192	0.23999999463558197	True	0	0	12	True	178.61500549316406	-215.087890625	1.750759243965149	7.405400276184082
1.0799695253372192	0.23999999463558197	True	0	0	12	True	178.61900329589844	-223.2666015625	4.431983470916748	5.714516639709473
1.0799695253372192	0.23999999463558197	True	0	0	12	True	178.62399291992188	-223.93798828125	0.6304888725280762	4.86129093170166
1.0799695253372192	0.23999999463558197	True	0	0	12	True	178.62899780273438	-217.95654296875	-0.440084844827652	5.365442276000977
1.0799695253372192	0.23999999463558197	True	0	0	12	True	178.63499450683594	-210.205078125	1.7842895984649658	6.195915699005127
1.0799695253372192	0.23999999463558197	True	0	0	12	True	178.63999938964844	-208.740234375	1.6789087057113647	4.542154312133789
1.0799695253372192	0.23999999463558197	True	0	0	12	True	178.64500427246094	-216.4306640625	2.344125270843506	3.630250930786133
1.0799695253372192	0.23999999463558197	True	0	0	12	True	178.6490020751953	-225.5859375	2.936293840408325	7.400610446929932
1.0799695253372192	0.23999999463558197	True	0	0	12	True	178.6540069580078	-233.21533203125	2.327360153198242	8.293952941894531
1.0799695253372192	0.23999999463558197	True	0	0	12	True	178.65899658203125	-234.68017578125	2.077679395675659	8.75619125366211
1.0799695253372192	0.23999999463558197	True	0	0	12	True	178.6649932861328	-228.45458984375	1.6579523086547852	6.006709098815918
1.0799695253372192	0.23999999463558197	True	0	0	12	True	178.6699981689453	-225.341796875	0.17962646484375	3.084785223007202
1.0799695253372192	0.23999999463558197	True	0	0	12	True	178.6750030517578	-229.1259765625	0.3436852991580963	4.4457550048828125
1.0799695253372192	0.23999999463558197	True	0	0	12	True	178.6790008544922	-236.02294921875	2.452500104904175	8.067623138427734
1.0799695253372192	0.23999999463558197	True	0	0	12	True	178.6840057373047	-237.85400390625	1.9267932176589966	5.586981773376465
1.0799695253372192	0.23999999463558197	True	0	0	12	True	178.68899536132812	-239.80712890625	-1.081950068473816	6.0013203620910645
1.0799695253372192	0.23999999463558197	True	0	0	12	True	178.69400024414062	-242.919921875	-0.3736230432987213	3.891308069229126
1.0799695253372192	0.23999999463558197	True	0	0	12	True	178.6999969482422	-247.55859375	1.6172369718551636	6.901248931884766
1.0799695253372192	0.23999999463558197	True	0	0	12	True	178.7050018310547	-252.3193359375	3.1668145656585693	4.742138862609863
1.0799695253372192	0.23999999463558197	True	0	0	12	True	178.70899963378906	-255.859375	2.135758638381958	4.363725662231445
1.0799695253372192	0.23999999463558197	True	0	0	12	True	178.71400451660156	-255.92041015625	2.3123912811279297	5.979764938354492
1.0799695253372192	0.23999999463558197	True	0	0	12	True	178.718994140625	-253.173828125	2.093247175216675	6.59768009185791
1.0799695253372192	0.23999999463558197	True	0	0	12	True	178.7239990234375	-256.103515625	1.566342830657959	7.861651420593262
1.0799695253372192	0.23999999463558197	True	0	0	12	True	178.72999572753906	-263.36669921875	1.7357903718948364	5.995931625366211
1.0799695253372192	0.23999999463558197	True	0	0	12	True	178.73500061035156	-269.22607421875	1.622625708580017	5.2528767585754395
1.0799695253372192	0.23999999463558197	True	0	0	12	True	178.73899841308594	-270.08056640625	1.716630220413208	5.478607177734375
1.0799695253372192	0.23999999463558197	True	0	0	12	True	178.74400329589844	-270.3857421875	1.0268646478652954	5.997727870941162
1.0799695253372192	0.23999999463558197	True	0	0	12	True	178.74899291992188	-274.658203125	0.9274713397026062	7.564070224761963
1.0799695253372192	0.23999999463558197	True	0	0	12	True	178.7550048828125	-278.01513671875	2.424358606338501	7.5485029220581055
1.0799695253372192	0.23999999463558197	True	0	0	12	True	178.75999450683594	-280.45654296875	2.205214262008667	6.327043056488037
1.0799695253372192	0.23999999463558197	True	0	0	12	True	178.76499938964844	-283.8134765625	2.0094213485717773	4.547543525695801
1.0799695253372192	0.23999999463558197	True	0	0	12	True	178.7689971923828	-287.17041015625	2.2327568531036377	5.441484451293945
1.0799695253372192	0.23999999463558197	True	0	0	12	True	178.7740020751953	-287.4755859375	2.417173385620117	7.056326389312744
1.0799695253372192	0.23999999463558197	True	0	0	12	True	178.7790069580078	-284.97314453125	1.5878978967666626	5.8815693855285645
1.0799695253372192	0.23999999463558197	True	0	0	12	True	178.78399658203125	-285.0341796875	1.5322136878967285	4.887636184692383
1.0799695253372192	0.23999999463558197	True	0	0	12	True	178.7899932861328	-289.85595703125	1.147813081741333	6.4815216064453125
1.0799695253372192	0.23999999463558197	True	0	0	12	True	178.7949981689453	-298.03466796875	2.225571870803833	7.143744468688965
1.0799695253372192	0.23999999463558197	True	0	0	12	True	178.7989959716797	-303.28369140625	0.34608033299446106	8.94420051574707
1.0799695253372192	0.23999999463558197	True	0	0	12	True	178.8040008544922	-302.79541015625	-0.12693603336811066	6.415658473968506
1.0799695253372192	0.23999999463558197	True	0	0	12	True	178.8090057373047	-299.98779296875	1.865720272064209	5.8815693855285645
1.0799695253372192	0.23999999463558197	True	0	0	12	True	178.81399536132812	-302.91748046875	1.0071057081222534	2.3483166694641113
1.0799695253372192	0.23999999463558197	True	0	0	12	True	178.81900024414062	-307.6171875	0.9675878882408142	4.993615627288818
1.0799695253372192	0.23999999463558197	True	0	0	12	True	178.8249969482422	-309.38720703125	1.416654109954834	7.356302261352539
1.0799695253372192	0.23999999463558197	True	0	0	12	True	178.82899475097656	-309.26513671875	-0.389190673828125	4.507426738739014
1.0799695253372192	0.23999999463558197	True	0	0	12	True	178.83399963378906	-312.56103515625	-0.8514294624328613	5.395978927612305
1.0799695253372192	0.23999999463558197	True	0	0	12	True	178.83900451660156	-316.10107421875	0.18860778212547302	7.886799335479736
1.0799695253372192	0.23999999463558197	True	0	0	12	True	178.843994140625	-316.162109375	1.5202386379241943	6.77730655670166
1.0799695253372192	0.23999999463558197	True	0	0	12	True	178.8489990234375	-315.85693359375	1.1526031494140625	5.859415054321289
1.0799695253372192	0.23999999463558197	True	0	0	12	True	178.85499572753906	-317.87109375	1.372944951057434	5.2253336906433105
1.0799695253372192	0.23999999463558197	True	0	0	12	True	178.85899353027344	-321.47216796875	1.3226494789123535	5.080435276031494
1.0799695253372192	0.23999999463558197	True	0	0	12	True	178.86399841308594	-326.11083984375	1.2106823921203613	7.911947250366211
1.0799695253372192	0.23999999463558197	True	0	0	12	True	178.86900329589844	-329.833984375	2.912343740463257	9.192085266113281
1.0799695253372192	0.23999999463558197	True	0	0	12	True	178.87399291992188	-330.87158203125	0.9065148830413818	7.3784565925598145
1.0799695253372192	0.23999999463558197	True	0	0	12	True	178.87899780273438	-330.62744140625	-0.5771996974945068	4.2349934577941895
1.0799695253372192	0.23999999463558197	True	0	0	12	True	178.88499450683594	-332.45849609375	-0.7310796976089478	3.314707040786743
1.0799695253372192	0.23999999463558197	True	0	0	12	True	178.88800048828125	-334.65576171875	-0.5215154886245728	4.052372932434082
1.0799695253372192	0.23999999463558197	True	0	0	12	True	178.8939971923828	-337.70751953125	0.2191442847251892	6.1072998046875
1.0799695253372192	0.23999999463558197	True	0	0	12	True	178.8990020751953	-343.505859375	1.223256230354309	8.026907920837402
1.0799695253372192	0.23999999463558197	True	0	0	12	True	178.9040069580078	-347.96142578125	0.8969348073005676	6.9701056480407715
1.0799695253372192	0.23999999463558197	True	0	0	12	True	178.90899658203125	-347.83935546875	0.7837701439857483	6.598877429962158
1.0799695253372192	0.23999999463558197	True	0	0	12	True	178.9149932861328	-344.29931640625	0.8705896139144897	5.821094989776611
1.0799695253372192	0.23999999463558197	True	0	0	12	True	178.91799926757812	-342.71240234375	-0.5574408173561096	3.0267059803009033
1.0799695253372192	0.23999999463558197	True	0	0	12	True	178.9239959716797	-348.08349609375	0.5322930812835693	3.8853204250335693
1.0799695253372192	0.23999999463558197	True	0	0	12	True	178.9290008544922	-357.36083984375	2.313588857650757	7.02818489074707
1.0799695253372192	0.23999999463558197	True	0	0	12	True	178.9340057373047	-363.76953125	2.314786434173584	9.363927841186523
1.0799695253372192	0.23999999463558197	True	0	0	12	True	178.93899536132812	-362.4267578125	-0.8723858594894409	9.28369426727295
1.0799695253372192	0.23999999463558197	True	0	0	12	True	178.94400024414062	-357.11669921875	-0.07604186981916428	4.919370174407959
1.0799695253372192	0.23999999463558197	True	0	0	12	True	178.947998046875	-356.14013671875	-0.3832031190395355	4.667294502258301
1.0799695253372192	0.23999999463558197	True	0	0	12	True	178.95399475097656	-359.4970703125	0.5131329298019409	4.761298656463623
1.0799695253372192	0.23999999463558197	True	0	0	12	True	178.95899963378906	-363.76953125	0.2502795457839966	5.3846025466918945
1.0799695253372192	0.23999999463558197	True	0	0	12	True	178.96400451660156	-367.67578125	0.5676196217536926	4.208648204803467
1.0799695253372192	0.23999999463558197	True	0	0	12	True	178.968994140625	-370.60546875	-1.9130218029022217	3.683540105819702
1.0799695253372192	0.23999999463558197	True	0	0	12	True	178.9739990234375	-371.15478515625	-1.1059002876281738	5.3834052085876465
1.0799695253372192	0.23999999463558197	True	0	0	12	True	178.97799682617188	-366.3330078125	0.9065148830413818	6.003116607666016
1.0799695253372192	0.23999999463558197	True	0	0	12	True	178.98399353027344	-362.1826171875	-0.628692626953125	5.001998424530029
1.0799695253372192	0.23999999463558197	True	0	0	12	True	178.98899841308594	-361.328125	0.260458379983902	2.7686426639556885
1.0799695253372192	0.23999999463558197	True	0	0	12	True	178.99400329589844	-362.97607421875	-0.7113208174705505	2.663261651992798
1.0799695253372192	0.23999999463558197	True	0	0	12	True	178.99899291992188	-361.63330078125	-0.519120454788208	5.279820442199707
1.0799695253372192	0.23999999463558197	True	0	0	12	True	179.00399780273438	-355.46875	-1.127455472946167	6.442602634429932
1.0799695253372192	0.23999999463558197	True	0	0	12	True	179.00999450683594	-347.0458984375	-1.7615368366241455	1.490899682044983
1.0799695253372192	0.23999999463558197	True	0	0	12	True	179.01400756835938	-341.12548828125	-1.9483484029769897	1.550775170326233
1.0799695253372192	0.23999999463558197	True	0	0	12	True	179.0189971923828	-337.21923828125	-1.8016533851623535	1.9681073427200317
1.0799695253372192	0.23999999463558197	True	0	0	12	True	179.0240020751953	-334.8388671875	-1.217268705368042	1.4807208776474
1.0799695253372192	0.23999999463558197	True	0	0	12	True	179.0290069580078	-331.35986328125	-2.6680517196655273	2.4890241622924805
1.0799695253372192	0.23999999463558197	True	0	0	12	True	179.03399658203125	-327.0263671875	-2.2908360958099365	4.023633003234863
1.0799695253372192	0.23999999463558197	True	0	0	12	True	179.0399932861328	-323.6083984375	-1.0364446640014648	3.351231098175049
1.0799695253372192	0.23999999463558197	True	0	0	12	True	179.04299926757812	-320.73974609375	-1.5956817865371704	4.934937953948975
1.0799695253372192	0.23999999463558197	True	0	0	12	True	179.0489959716797	-314.51416015625	-1.0286608934402466	4.55532693862915
1.0799695253372192	0.23999999463558197	True	0	0	12	True	179.0540008544922	-307.80029296875	-2.098037004470825	1.2549902200698853
1.0799695253372192	0.23999999463558197	True	0	0	12	True	179.0590057373047	-303.40576171875	-2.7087671756744385	0.3005749583244324
1.0799695253372192	0.23999999463558197	True	0	0	12	True	179.06399536132812	-304.0771484375	-2.445314884185791	3.943998336791992
1.0799695253372192	0.23999999463558197	True	0	0	12	True	179.0679931640625	-305.419921875	-0.7340734601020813	4.87266731262207
1.0799695253372192	0.23999999463558197	True	0	0	12	True	179.072998046875	-302.490234375	-1.49688720703125	3.771557092666626
1.0799695253372192	0.23999999463558197	True	0	0	12	True	179.07899475097656	-291.6259765625	-2.9584479331970215	3.662583589553833
1.0799695253372192	0.23999999463558197	True	0	0	12	True	179.08399963378906	-279.47998046875	-2.9865894317626953	-0.061072997748851776
1.0799695253372192	0.23999999463558197	True	0	0	12	True	179.08900451660156	-274.90234375	-2.6997857093811035	-0.08143066614866257
1.0799695253372192	0.23999999463558197	True	0	0	12	True	179.093994140625	-276.9775390625	-1.401086449623108	3.0003607273101807
1.0799695253372192	0.23999999463558197	True	0	0	12	True	179.09800720214844	-279.1748046875	-2.516566753387451	3.9164557456970215
1.0799695253372192	0.23999999463558197	True	0	0	12	True	179.10299682617188	-277.34375	-1.965712308883667	2.74289608001709
1.0799695253372192	0.23999999463558197	True	0	0	12	True	179.10899353027344	-272.705078125	-2.004032611846924	1.7938696146011353
1.0799695253372192	0.23999999463558197	True	0	0	12	True	179.11399841308594	-267.02880859375	-1.3843213319778442	3.0075457096099854
1.0799695253372192	0.23999999463558197	True	0	0	12	True	179.11900329589844	-261.29150390625	-0.9448351860046387	4.570295810699463
1.0799695253372192	0.23999999463558197	True	0	0	12	True	179.12399291992188	-254.5166015625	-2.66206431388855	3.642824649810791
1.0799695253372192	0.23999999463558197	True	0	0	12	True	179.1280059814453	-250.18310546875	-3.4356555938720703	2.575244665145874
1.0799695253372192	0.23999999463558197	True	0	0	12	True	179.13299560546875	-248.046875	-1.9405646324157715	1.8651214838027954
1.0799695253372192	0.23999999463558197	True	0	0	12	True	179.13800048828125	-245.17822265625	-2.8369007110595703	1.706451416015625
1.0799695253372192	0.23999999463558197	True	0	0	12	True	179.1439971923828	-240.41748046875	-1.361568570137024	3.014132022857666
1.0799695253372192	0.23999999463558197	True	0	0	12	True	179.1490020751953	-233.58154296875	-3.033292293548584	3.9984850883483887
1.0799695253372192	0.23999999463558197	True	0	0	12	True	179.1540069580078	-225.09765625	-3.502716064453125	3.511098623275757
1.0799695253372192	0.23999999463558197	True	0	0	12	True	179.15899658203125	-218.505859375	-2.862048387527466	1.7986596822738647
1.0799695253372192	0.23999999463558197	True	0	0	12	True	179.16299438476562	-215.75927734375	-1.7118401527404785	1.5974780321121216
1.0799695253372192	0.23999999463558197	True	0	0	12	True	179.16799926757812	-214.4775390625	-1.0609936714172363	1.6274157762527466
1.0799695253372192	0.23999999463558197	True	0	0	12	True	179.1739959716797	-213.92822265625	-1.8046472072601318	1.8399738073349
1.0799695253372192	0.23999999463558197	True	0	0	12	True	179.1790008544922	-212.34130859375	-2.994971990585327	2.335742712020874
1.0799695253372192	0.23999999463558197	True	0	0	12	True	179.1840057373047	-209.41162109375	-3.475173234939575	1.6771124601364136
1.0799695253372192	0.23999999463558197	True	0	0	12	True	179.18899536132812	-206.11572265625	-0.5322930812835693	3.101550340652466
1.0799695253372192	0.23999999463558197	True	0	0	12	True	179.1929931640625	-202.7587890625	-2.2513184547424316	3.085383892059326
1.0799695253372192	0.23999999463558197	True	0	0	12	True	179.197998046875	-198.8525390625	-3.963757276535034	3.932023286819458
1.0799695253372192	0.23999999463558197	True	0	0	12	True	179.20399475097656	-194.03076171875	-3.393742561340332	3.024310827255249
1.0799695253372192	0.23999999463558197	True	0	0	12	True	179.20899963378906	-188.29345703125	-3.344644784927368	1.1741583347320557
1.0799695253372192	0.23999999463558197	True	0	0	12	True	179.21400451660156	-185.24169921875	-2.027384042739868	1.2735515832901
1.0799695253372192	0.23999999463558197	True	0	0	12	True	179.218994140625	-182.06787109375	-1.862127661705017	2.724334716796875
1.0799695253372192	0.23999999463558197	True	0	0	12	True	179.22300720214844	-178.52783203125	-2.9596452713012695	3.7685632705688477
1.0799695253372192	0.23999999463558197	True	0	0	12	True	179.22799682617188	-172.4853515625	-2.654280424118042	4.031416416168213
1.0799695253372192	0.23999999463558197	True	0	0	12	True	179.23399353027344	-163.75732421875	-2.1728813648223877	1.8268011808395386
1.0799695253372192	0.23999999463558197	True	0	0	12	True	179.23899841308594	-155.70068359375	-3.103945255279541	1.7789007425308228
1.0799695253372192	0.23999999463558197	True	0	0	12	True	179.24400329589844	-152.2216796875	-2.0501368045806885	1.526824951171875
1.0799695253372192	0.23999999463558197	True	0	0	12	True	179.2480010986328	-152.9541015625	-2.064506769180298	1.0017169713974
1.0799695253372192	0.23999999463558197	True	0	0	12	True	179.2530059814453	-155.029296875	-1.542991280555725	0.938248872756958
1.0799695253372192	0.23999999463558197	True	0	0	12	True	179.25799560546875	-157.1044921875	-1.5579601526260376	0.7214996218681335
1.0799695253372192	0.23999999463558197	True	0	0	12	True	179.26300048828125	-156.18896484375	-2.755470037460327	2.1698877811431885
1.0799695253372192	0.23999999463558197	True	0	0	12	True	179.2689971923828	-153.38134765625	-3.1662158966064453	3.032094717025757
1.0799695253372192	0.23999999463558197	True	0	0	12	True	179.2740020751953	-149.5361328125	-2.363285541534424	3.533252477645874
1.0799695253372192	0.23999999463558197	True	0	0	12	True	179.2779998779297	-146.42333984375	-2.2614972591400146	3.693120002746582
1.0799695253372192	0.23999999463558197	True	0	0	12	True	179.2830047607422	-142.9443359375	-4.002676486968994	2.6075775623321533
1.0799695253372192	0.23999999463558197	True	0	0	12	True	179.28799438476562	-141.2353515625	-4.135001182556152	1.4687457084655762
1.0799695253372192	0.23999999463558197	True	0	0	12	True	179.29299926757812	-138.97705078125	-2.0609142780303955	1.7417778968811035
1.0799695253372192	0.23999999463558197	True	0	0	12	True	179.2989959716797	-133.544921875	-1.5615527629852295	2.8309130668640137
1.0799695253372192	0.23999999463558197	True	0	0	12	True	179.3040008544922	-125.79345703125	-2.852468252182007	2.057321786880493
1.0799695253372192	0.23999999463558197	True	0	0	12	True	179.3090057373047	-119.0185546875	-4.494254112243652	4.223617076873779
1.0799695253372192	0.23999999463558197	True	0	0	12	True	179.31300354003906	-113.34228515625	-4.42599630355835	2.4974067211151123
1.0799695253372192	0.23999999463558197	True	0	0	12	True	179.3179931640625	-109.31396484375	-3.6655774116516113	3.382366418838501
1.0799695253372192	0.23999999463558197	True	0	0	12	True	179.322998046875	-105.46875	-1.7441729307174683	3.442241907119751
1.0799695253372192	0.23999999463558197	True	0	0	12	True	179.32899475097656	-102.5390625	-1.2100836038589478	1.390907645225525
1.0799695253372192	0.23999999463558197	True	0	0	12	True	179.33399963378906	-100.4638671875	-1.8543438911437988	3.095562696456909
1.0799695253372192	0.23999999463558197	True	0	0	12	True	179.33900451660156	-98.93798828125	-1.5022759437561035	1.1112890243530273
1.0799695253372192	0.23999999463558197	True	0	0	12	True	179.34300231933594	-98.5107421875	-1.7190252542495728	0.8250842094421387
1.0799695253372192	0.23999999463558197	True	0	0	12	True	179.34800720214844	-99.9755859375	-2.4998016357421875	2.0680992603302
1.0799695253372192	0.23999999463558197	True	0	0	12	True	179.35299682617188	-102.47802734375	-1.167572021484375	3.4667906761169434
1.0799695253372192	0.23999999463558197	True	0	0	12	True	179.35899353027344	-102.9052734375	-0.8819659352302551	3.7781434059143066
1.0799695253372192	0.23999999463558197	True	0	0	12	True	179.36399841308594	-101.62353515625	-2.0405566692352295	2.4608826637268066
1.0799695253372192	0.23999999463558197	True	0	0	12	True	179.3679962158203	-100.7080078125	-2.442919969558716	3.5266661643981934
1.0799695253372192	0.23999999463558197	True	0	0	12	True	179.3730010986328	-100.9521484375	-3.023712158203125	4.410428524017334
1.0799695253372192	0.23999999463558197	True	0	0	12	True	179.3780059814453	-99.9755859375	-1.9172130823135376	4.145778656005859
1.0799695253372192	0.23999999463558197	True	0	0	12	True	179.38299560546875	-95.88623046875	-1.153201937675476	1.3555810451507568
1.0799695253372192	0.23999999463558197	True	0	0	12	True	179.38800048828125	-93.75	-2.2680835723876953	1.2807366847991943
1.0799695253372192	0.23999999463558197	True	0	0	12	True	179.3939971923828	-93.44482421875	-3.923042058944702	1.9633172750473022
1.0799695253372192	0.23999999463558197	True	0	0	12	True	179.3990020751953	-91.97998046875	-3.330873489379883	4.151766300201416
1.0799695253372192	0.23999999463558197	True	0	0	12	True	179.4029998779297	-86.42578125	-3.544628858566284	2.6470954418182373
1.0799695253372192	0.23999999463558197	True	0	0	12	True	179.4080047607422	-78.55224609375	-3.96315860748291	2.6087751388549805
1.0799695253372192	0.23999999463558197	True	0	0	12	True	179.41299438476562	-70.25146484375	-4.079317092895508	1.2609777450561523
1.0799695253372192	0.23999999463558197	True	0	0	12	True	179.41799926757812	-63.65966796875	-2.98239803314209	1.790277123451233
1.0799695253372192	0.23999999463558197	True	0	0	12	True	179.4239959716797	-60.4248046875	-3.374582529067993	-0.27602601051330566
1.0799695253372192	0.23999999463558197	True	0	0	12	True	179.4290008544922	-61.03515625	-1.6687299013137817	-0.14789246022701263
1.0799695253372192	0.23999999463558197	True	0	0	12	True	179.43299865722656	-62.6220703125	-1.143621802330017	0.7376660108566284
1.0799695253372192	0.23999999463558197	True	0	0	12	True	179.43800354003906	-64.75830078125	-0.5592370629310608	1.550775170326233
1.0799695253372192	0.23999999463558197	True	0	0	12	True	179.4429931640625	-67.56591796875	-1.800455927848816	1.0999127626419067
1.0799695253372192	0.23999999463558197	True	0	0	12	True	179.447998046875	-70.556640625	-2.475252628326416	4.032015323638916
1.0799695253372192	0.23999999463558197	True	0	0	12	True	179.45399475097656	-72.69287109375	-1.4753320217132568	5.4540581703186035
1.0799695253372192	0.23999999463558197	True	0	0	12	True	179.45899963378906	-72.69287109375	-1.636397123336792	3.7152740955352783
1.0799695253372192	0.23999999463558197	True	0	0	12	True	179.46299743652344	-72.509765625	-1.9094293117523193	3.0500574111938477
1.0799695253372192	0.23999999463558197	True	0	0	12	True	179.46800231933594	-73.66943359375	-3.033890962600708	2.214794397354126
