steer	throttle	manflag	dsx	dsy	bs	aflag	t	Gr	Ax	Ay
-0.9200000166893005	-0.7200000286102295	True	0	0	36	True	255.18899536132812	134.1552734375	-2.4620800018310547	-5.249882698059082
-0.9200000166893005	-0.7200000286102295	True	0	0	36	False	255.19400024414062	141.29638671875	5.029541015625	-12.4541015625
0.08036620914936066	0.9599999785423279	True	0	0	48	True	347.5150146484375	-66.22314453125	3.381767511367798	5.906118392944336
0.08036620914936066	0.9599999785423279	True	0	0	48	True	347.51800537109375	-48.52294921875	2.313588857650757	3.501518487930298
0.08036620914936066	0.9599999785423279	True	0	0	48	True	347.52301025390625	-34.1796875	1.5376025438308716	0.40715330839157104
0.08216674625873566	0.9599999785423279	True	0	0	48	True	347.52899169921875	-25.146484375	-2.155517578125	-2.3614892959594727
0.08216674625873566	0.9599999785423279	True	0	0	48	True	347.5329895019531	-23.98681640625	-3.2572264671325684	0.8813672065734863
0.08216674625873566	0.9599999785423279	True	0	0	48	True	347.5379943847656	-21.97265625	-4.91457986831665	10.140512466430664
0.08216674625873566	0.9599999785423279	True	0	0	48	True	347.5429992675781	-17.76123046875	2.1603076457977295	16.927997589111328
0.08216674625873566	0.9599999785423279	True	0	0	48	True	347.5480041503906	-17.39501953125	1.331630825996399	15.845449447631836
0.08216674625873566	0.9599999785423279	True	0	0	48	True	347.5539855957031	-16.17431640625	5.436694145202637	10.6482572555542
0.08216674625873566	0.9599999785423279	True	0	0	48	True	347.5580139160156	-8.60595703125	-2.6584715843200684	2.007026433944702
0.08216674625873566	0.9599999785423279	True	0	0	48	True	347.56298828125	3.90625	-0.8143066167831421	0.11017090082168579
0.08216674625873566	0.9599999785423279	True	0	0	48	True	347.5679931640625	12.20703125	-6.686894416809082	3.281176805496216
0.08216674625873566	0.9599999785423279	True	0	0	48	True	347.572998046875	13.5498046875	-2.9075536727905273	14.030024528503418
0.08216674625873566	0.9599999785423279	True	0	0	48	True	347.5790100097656	7.568359375	0.4981640577316284	14.887441635131836
0.08216674625873566	0.9599999785423279	True	0	0	48	True	347.5830078125	1.220703125	3.2189061641693115	9.225615501403809
0.08216674625873566	0.9599999785423279	True	0	0	48	True	347.5880126953125	2.74658203125	-1.5855029821395874	6.212680816650391
0.04838378727436066	0.9599999785423279	True	0	0	48	True	347.5929870605469	2.62451171875	-5.657036304473877	8.12869644165039
0.04838378727436066	0.9599999785423279	True	0	0	48	True	347.5979919433594	5.79833984375	-4.167334079742432	4.928950309753418
0.04838378727436066	0.9599999785423279	True	0	0	48	True	347.60400390625	11.962890625	-6.409072399139404	5.848637580871582
-0.5797900557518005	0.9599999785423279	True	0	0	48	True	347.6080017089844	16.05224609375	-1.1783496141433716	10.078242301940918
-0.5797900557518005	0.9599999785423279	True	0	0	48	True	347.6130065917969	14.95361328125	1.0490185022354126	7.046147346496582
-0.5797900557518005	0.9599999785423279	True	0	0	48	True	347.6180114746094	10.19287109375	1.4705419540405273	4.31582498550415
-0.9200000166893005	0.9599999785423279	True	0	0	48	True	347.62298583984375	3.0517578125	0.5316943526268005	0.5029541254043579
-0.9200000166893005	0.9599999785423279	True	0	0	48	True	347.6289978027344	-2.25830078125	-6.083349704742432	-3.702700138092041
-0.9200000166893005	0.9599999785423279	True	0	0	48	True	347.63299560546875	2.44140625	-0.886157214641571	0.20118163526058197
-0.9200000166893005	0.9599999785423279	True	0	0	48	True	347.63800048828125	6.65283203125	-2.1124072074890137	-2.385439395904541
-0.9200000166893005	0.9599999785423279	True	0	0	48	True	347.64300537109375	8.85009765625	-3.5063085556030273	1.293310523033142
-0.9200000166893005	0.9599999785423279	True	0	0	48	True	347.64801025390625	9.8876953125	-2.6201512813568115	3.7362303733825684
-0.9200000166893005	0.9599999785423279	True	0	0	48	True	347.65399169921875	12.20703125	-1.2741503715515137	1.5855029821395874
-0.9200000166893005	0.9599999785423279	True	0	0	48	True	347.6579895019531	14.22119140625	0.08143066614866257	-0.7424560785293579
-0.9200000166893005	0.9599999785423279	True	0	0	48	True	347.6629943847656	12.5732421875	-2.6297314167022705	-3.2476465702056885
-0.9200000166893005	0.9599999785423279	True	0	0	48	True	347.6679992675781	14.0380859375	-2.893183708190918	-2.692002058029175
-0.9200000166893005	0.9599999785423279	True	0	0	48	True	347.6730041503906	15.869140625	-3.262016534805298	-1.2693603038787842
-0.9200000166893005	0.9599999785423279	True	0	0	48	True	347.6789855957031	14.95361328125	0.8957372903823853	2.3710694313049316
-0.9200000166893005	0.9599999785423279	True	0	0	48	True	347.6830139160156	9.82666015625	-0.6274951100349426	0.20118163526058197
-0.9200000166893005	0.9599999785423279	True	0	0	48	True	347.68798828125	4.8828125	1.7531542778015137	-0.3879931569099426
-0.9200000166893005	0.9599999785423279	True	0	0	48	True	347.6929931640625	4.5166015625	-1.5615527629852295	-3.3386571407318115
-0.9200000166893005	0.9599999785423279	True	0	0	48	True	347.697998046875	9.82666015625	-1.676513671875	-5.240302562713623
-0.9200000166893005	0.9599999785423279	True	0	0	48	True	347.7040100097656	18.85986328125	-4.962480545043945	-7.956254959106445
-0.9200000166893005	0.9599999785423279	True	0	0	48	True	347.7080078125	28.74755859375	-1.092128872871399	-6.744375228881836
-0.9200000166893005	0.9599999785423279	True	0	0	48	True	347.7130126953125	37.04833984375	0.7328760027885437	-6.504873275756836
-0.9200000166893005	0.9599999785423279	True	0	0	48	True	347.7179870605469	45.10498046875	0.4598437547683716	-3.3769774436950684
-0.9200000166893005	0.9599999785423279	True	0	0	48	True	347.7229919433594	51.20849609375	-1.4322216510772705	-2.1028270721435547
-0.9200000166893005	0.9599999785423279	True	0	0	48	True	347.72698974609375	55.11474609375	-1.4561718702316284	-2.553090810775757
-0.9200000166893005	0.9599999785423279	True	0	0	48	True	347.7330017089844	56.7626953125	-0.5173242092132568	-9.651928901672363
-0.9200000166893005	0.9599999785423279	True	0	0	48	True	347.7380065917969	64.208984375	1.7244141101837158	-11.323652267456055
-0.9200000166893005	0.9599999785423279	True	0	0	48	True	347.7430114746094	77.1484375	-0.6083349585533142	-7.041357517242432
-0.9200000166893005	0.9599999785423279	True	0	0	48	True	347.74798583984375	84.28955078125	-2.921923875808716	-7.295229434967041
-0.9200000166893005	0.9599999785423279	True	0	0	48	True	347.75201416015625	83.06884765625	-0.3640429675579071	-8.947793006896973
-0.9200000166893005	0.9599999785423279	True	0	0	48	True	347.75799560546875	80.99365234375	4.837939262390137	-5.599555492401123
-0.9200000166893005	0.9599999785423279	True	0	0	48	True	347.76300048828125	79.52880859375	0.2682421803474426	-6.571933746337891
-0.9200000166893005	0.9599999785423279	True	0	0	48	True	347.76800537109375	84.77783203125	-3.2668066024780273	-7.745492935180664
-0.9200000166893005	0.9599999785423279	True	0	0	48	True	347.77301025390625	86.85302734375	-2.8500733375549316	-7.577841758728027
-0.9200000166893005	0.9599999785423279	True	0	0	48	True	347.7770080566406	84.9609375	0.9723779559135437	-9.019643783569336
-0.9200000166893005	0.9599999785423279	True	0	0	48	True	347.7829895019531	89.2333984375	4.205654144287109	-9.307045936584473
-0.9200000166893005	0.9599999785423279	True	0	0	48	True	347.7879943847656	98.7548828125	1.7483642101287842	-9.7094087600708
-0.9200000166893005	0.9599999785423279	True	0	0	48	True	347.7929992675781	104.8583984375	-0.8574169874191284	-4.325405120849609
-0.9200000166893005	0.9599999785423279	True	0	0	48	True	347.7980041503906	99.91455078125	0.2251318395137787	-2.5195605754852295
-0.9200000166893005	0.9599999785423279	True	0	0	48	True	347.802001953125	90.8203125	-3.5398387908935547	-7.041357517242432
-0.9200000166893005	0.9599999785423279	True	0	0	48	True	347.8080139160156	88.43994140625	2.294428825378418	-6.303691387176514
-0.9200000166893005	0.9599999785423279	True	0	0	48	True	347.81298828125	89.78271484375	0.9771679639816284	-7.597002029418945
-0.9200000166893005	0.9599999785423279	True	0	0	48	True	347.8179931640625	93.32275390625	4.210444450378418	-12.181069374084473
-0.9200000166893005	0.9599999785423279	True	0	0	48	True	347.822998046875	100.28076171875	-5.973178863525391	-7.831713676452637
-0.9200000166893005	0.9599999785423279	True	0	0	48	True	347.8269958496094	108.70361328125	-4.320615291595459	-11.903246879577637
-0.9200000166893005	0.9599999785423279	True	0	0	48	True	347.8330078125	113.09814453125	2.3423290252685547	-15.34249496459961
-0.9200000166893005	0.9599999785423279	True	0	0	48	True	347.8380126953125	113.95263671875	7.357500076293945	-16.769926071166992
-0.9200000166893005	0.9599999785423279	True	0	0	48	True	347.8429870605469	117.5537109375	7.199428558349609	-8.463998794555664
-0.9200000166893005	0.9599999785423279	True	0	0	48	True	347.8479919433594	115.53955078125	-3.654799699783325	-1.3603711128234863
-0.9200000166893005	0.9599999785423279	True	0	0	48	True	347.85198974609375	108.58154296875	-7.486831188201904	-2.553090810775757
-0.9200000166893005	0.9599999785423279	True	0	0	48	True	347.8580017089844	103.08837890625	-0.14370116591453552	-8.837621688842773
-0.9200000166893005	0.9599999785423279	True	0	0	48	True	347.8630065917969	107.91015625	12.08047866821289	-12.549901962280273
-0.9200000166893005	0.9599999785423279	True	0	0	48	True	347.8680114746094	122.314453125	6.404282093048096	-13.915063858032227
-0.9200000166893005	0.9599999785423279	True	0	0	48	True	347.87298583984375	134.3994140625	-0.6801855564117432	-8.214917182922363
-0.9200000166893005	0.9599999785423279	True	0	0	48	True	347.87701416015625	138.97705078125	-3.2332763671875	-12.34872055053711
-0.9200000166893005	0.9599999785423279	True	0	0	48	True	347.88299560546875	136.53564453125	1.7244141101837158	-9.393266677856445
-0.9200000166893005	0.9599999785423279	True	0	0	48	True	347.88800048828125	126.52587890625	2.0884571075439453	-3.333867073059082
-0.9200000166893005	0.9599999785423279	True	0	0	48	True	347.89300537109375	116.69921875	4.67507791519165	-11.165580749511719
-0.9200000166893005	0.9599999785423279	True	0	0	48	True	347.89801025390625	114.990234375	1.3364208936691284	-16.817827224731445
-0.9200000166893005	0.9599999785423279	True	0	0	48	True	347.9020080566406	113.95263671875	-1.6813037395477295	-10.092612266540527
-0.9200000166893005	0.9599999785423279	True	0	0	48	True	347.9079895019531	108.45947265625	-2.155517578125	-8.473579406738281
-0.9200000166893005	0.9599999785423279	True	0	0	48	True	347.9119873046875	98.876953125	-0.550854504108429	-9.201664924621582
-0.9200000166893005	0.9599999785423279	True	0	0	48	True	347.9179992675781	93.8720703125	6.983877182006836	-12.928315162658691
-0.9200000166893005	0.9599999785423279	True	0	0	48	True	347.9230041503906	100.7080078125	6.313271522521973	-10.250683784484863
-0.9200000166893005	0.9599999785423279	True	0	0	48	True	347.927001953125	119.5068359375	-1.5902929306030273	-14.336586952209473
-0.9200000166893005	0.9599999785423279	True	0	0	48	True	347.9330139160156	137.26806640625	1.0394384860992432	-14.135405540466309
-0.9200000166893005	0.9599999785423279	True	0	0	48	True	347.93701171875	143.06640625	6.634203910827637	-13.27798843383789
-0.9200000166893005	0.9599999785423279	True	0	0	48	True	347.9429931640625	134.6435546875	0.9340575933456421	-12.794194221496582
-0.9200000166893005	0.9599999785423279	True	0	0	48	True	347.947998046875	119.93408203125	-0.3832031190395355	-6.054609298706055
-0.9200000166893005	0.9599999785423279	True	0	0	48	True	347.9519958496094	113.525390625	0.718505859375	-6.365962028503418
-0.9200000166893005	0.9599999785423279	True	0	0	48	True	347.9580078125	123.84033203125	1.2166699171066284	-4.689448356628418
-0.9200000166893005	0.9599999785423279	True	0	0	48	True	347.9620056152344	134.1552734375	4.42599630355835	-9.580078125
-0.9200000166893005	0.9599999785423279	True	0	0	48	True	347.9679870605469	139.6484375	2.3902294635772705	-14.590458869934082
-0.9200000166893005	0.9599999785423279	True	0	0	48	True	347.9729919433594	145.01953125	2.9937744140625	-16.6453857421875
-0.9200000166893005	0.9599999785423279	True	0	0	48	True	347.97698974609375	142.9443359375	-2.0118165016174316	-14.868281364440918
-0.9200000166893005	0.9599999785423279	True	0	0	48	True	347.9830017089844	132.080078125	2.495610237121582	-14.0108642578125
-0.9200000166893005	0.9599999785423279	True	0	0	48	True	347.98699951171875	126.03759765625	3.5973193645477295	-11.357182502746582
-0.9200000166893005	0.9599999785423279	True	0	0	48	True	347.9930114746094	133.36181640625	1.542392611503601	-4.095483303070068
-0.9200000166893005	0.9599999785423279	True	0	0	48	True	347.99798583984375	145.99609375	-0.7807763814926147	-5.805527210235596
-0.9200000166893005	0.9599999785423279	True	0	0	48	True	348.00201416015625	156.1279296875	2.323168992996216	-10.063872337341309
-0.9200000166893005	0.9599999785423279	True	0	0	48	True	348.00799560546875	173.4619140625	3.9374120235443115	-5.350473403930664
-0.9200000166893005	0.9599999785423279	True	0	0	48	True	348.0119934082031	194.2138671875	4.54574728012085	-9.838740348815918
-0.9200000166893005	0.9599999785423279	True	0	0	48	True	348.01800537109375	197.81494140625	-0.5364843606948853	-16.712446212768555
-0.9200000166893005	0.9599999785423279	True	0	0	48	True	348.02301025390625	176.45263671875	-1.0442285537719727	-11.079360008239746
-0.9200000166893005	0.9599999785423279	True	0	0	48	True	348.0270080566406	155.09033203125	0.2347119152545929	-16.070581436157227
-0.9200000166893005	0.9599999785423279	True	0	0	48	True	348.0329895019531	138.916015625	0.6179150342941284	-18.388959884643555
-0.9200000166893005	0.9599999785423279	True	0	0	48	True	348.0369873046875	135.07080078125	0.41673338413238525	-7.266489028930664
-0.9200000166893005	0.9599999785423279	True	0	0	48	True	348.0429992675781	145.81298828125	4.660707950592041	-10.480605125427246
-0.9200000166893005	0.9599999785423279	True	0	0	48	True	348.0480041503906	149.0478515625	1.5136523246765137	-15.58199691772461
-0.9200000166893005	0.9599999785423279	True	0	0	48	True	348.052001953125	152.16064453125	4.588857650756836	-10.76321792602539
-0.9200000166893005	0.9599999785423279	True	0	0	48	True	348.0580139160156	159.48486328125	4.531376838684082	-10.04471206665039
-0.9200000166893005	0.9599999785423279	True	0	0	48	True	348.06201171875	161.43798828125	-3.721860408782959	-3.961362361907959
-0.9200000166893005	0.9599999785423279	True	0	0	48	True	348.0679931640625	160.82763671875	-3.113525390625	-9.067543983459473
-0.9200000166893005	0.9599999785423279	True	0	0	48	True	348.072998046875	164.73388671875	-1.820214867591858	-14.532978057861328
-0.9200000166893005	0.9599999785423279	True	0	0	48	True	348.0769958496094	168.15185546875	2.802172899246216	-13.689931869506836
-0.9200000166893005	0.9599999785423279	True	0	0	48	True	348.0830078125	166.6259765625	5.134922027587891	-13.848003387451172
-0.9200000166893005	0.9599999785423279	True	0	0	48	True	348.0870056152344	162.7197265625	3.8990917205810547	-11.304491996765137
-0.9200000166893005	0.9599999785423279	True	0	0	48	True	348.0929870605469	154.78515625	-4.627177715301514	-7.026987075805664
-0.9200000166893005	0.9599999785423279	True	0	0	48	True	348.09698486328125	151.30615234375	-3.305126905441284	-12.5738525390625
-0.9200000166893005	0.9599999785423279	True	0	0	48	True	348.10198974609375	144.34814453125	1.7100439071655273	-14.786850929260254
-0.9200000166893005	0.9599999785423279	True	0	0	48	True	348.1080017089844	138.36669921875	5.422324180603027	-15.505356788635254
-0.9200000166893005	0.9599999785423279	True	0	0	48	True	348.11199951171875	146.54541015625	5.216352462768555	-3.2572264671325684
-0.9200000166893005	0.9599999785423279	True	0	0	48	True	348.1180114746094	156.8603515625	3.3673975467681885	-4.996010780334473
-0.9200000166893005	0.9599999785423279	True	0	0	48	True	348.12200927734375	154.47998046875	-1.6142431497573853	-9.527387619018555
-0.9200000166893005	0.9599999785423279	True	0	0	48	True	348.12701416015625	149.96337890625	-1.1400293111801147	-10.317744255065918
-0.9200000166893005	0.9599999785423279	True	0	0	48	True	348.13299560546875	150.390625	-0.27303221821784973	-12.952265739440918
-0.9200000166893005	0.9599999785423279	True	0	0	48	True	348.1369934082031	158.8134765625	-1.451381802558899	-11.328442573547363
-0.9200000166893005	0.9599999785423279	True	0	0	48	True	348.14300537109375	170.59326171875	1.7292040586471558	-9.757309913635254
-0.9200000166893005	0.9599999785423279	True	0	0	48	True	348.1470031738281	180.908203125	1.2310400009155273	-8.028105735778809
-0.9200000166893005	0.9599999785423279	True	0	0	48	True	348.1520080566406	185.302734375	-2.007026433944702	-15.855029106140137
-0.9200000166893005	0.9599999785423279	True	0	0	48	True	348.1579895019531	176.81884765625	-0.6179150342941284	-14.710209846496582
-0.9200000166893005	0.9599999785423279	True	0	0	48	True	348.1619873046875	158.87451171875	1.3891112804412842	-14.930551528930664
-0.9200000166893005	0.9599999785423279	True	0	0	48	True	348.1679992675781	143.798828125	5.307363510131836	-10.466235160827637
-0.9200000166893005	0.9599999785423279	True	0	0	48	True	348.1719970703125	136.90185546875	2.0118165016174316	-8.377778053283691
-0.9200000166893005	0.9599999785423279	True	0	0	48	True	348.177001953125	137.8173828125	2.294428825378418	-10.370434761047363
-0.9200000166893005	0.9599999785423279	True	0	0	48	True	348.1830139160156	149.90234375	3.6595897674560547	-7.462881088256836
-0.9200000166893005	0.9599999785423279	True	0	0	48	True	348.18701171875	167.236328125	-1.7148339748382568	-10.207572937011719
-0.9200000166893005	0.9599999785423279	True	0	0	48	True	348.1929931640625	168.8232421875	2.9985644817352295	-13.709092140197754
-0.9200000166893005	0.9599999785423279	True	0	0	48	True	348.1969909667969	168.9453125	5.63308572769165	-14.576088905334473
-0.9200000166893005	0.9599999785423279	True	0	0	48	True	348.2019958496094	163.87939453125	4.90500020980835	-7.448510646820068
-0.9200000166893005	0.9599999785423279	True	0	0	48	True	348.2080078125	156.67724609375	-1.2262500524520874	-3.2189061641693115
-0.9200000166893005	0.9599999785423279	True	0	0	48	True	348.2120056152344	161.56005859375	-3.980522394180298	-5.613925933837891
-0.9200000166893005	0.9599999785423279	True	0	0	48	True	348.2179870605469	168.39599609375	0.7328760027885437	-9.038804054260254
-0.9200000166893005	0.9599999785423279	True	0	0	48	True	348.22198486328125	176.8798828125	3.9278321266174316	-11.860136985778809
-0.9200000166893005	0.9599999785423279	True	0	0	48	True	348.22698974609375	182.06787109375	1.053808569908142	-19.409238815307617
-0.9200000166893005	0.9599999785423279	True	0	0	48	True	348.2330017089844	183.04443359375	1.2262500524520874	-19.66790008544922
-0.9200000166893005	0.9599999785423279	True	0	0	48	True	348.23699951171875	176.8798828125	-2.433339834213257	-14.724579811096191
-0.9200000166893005	0.9599999785423279	True	0	0	48	True	348.2430114746094	167.1142578125	1.173559546470642	-11.7451753616333
-0.9200000166893005	0.9599999785423279	True	0	0	48	True	348.24700927734375	161.2548828125	2.696791887283325	-9.656719207763672
-0.9200000166893005	0.9599999785423279	True	0	0	48	True	348.25201416015625	157.53173828125	3.305126905441284	-12.5738525390625
-0.9200000166893005	0.9599999785423279	True	0	0	48	True	348.25799560546875	162.109375	0.7280859351158142	-9.795629501342773
-0.9200000166893005	0.9599999785423279	True	0	0	48	True	348.2619934082031	172.4853515625	1.2981005907058716	-9.95370101928711
-0.9200000166893005	0.9599999785423279	True	0	0	48	True	348.26800537109375	177.42919921875	2.8213329315185547	-9.92496109008789
-0.9200000166893005	0.9599999785423279	True	0	0	48	True	348.2720031738281	171.7529296875	2.6776318550109863	-10.145302772521973
-0.9200000166893005	0.9599999785423279	True	0	0	48	True	348.2770080566406	165.22216796875	-1.0394384860992432	-10.399174690246582
-0.9200000166893005	0.9599999785423279	True	0	0	48	True	348.281005859375	160.5224609375	-0.9388476610183716	-5.259462833404541
-0.9200000166893005	0.9599999785423279	True	0	0	48	True	348.2869873046875	156.25	-0.10059081763029099	-9.053174018859863
-0.9200000166893005	0.9599999785423279	True	0	0	48	True	348.2929992675781	164.4287109375	1.2837305068969727	-13.1821870803833
-0.9200000166893005	0.9599999785423279	True	0	0	48	True	348.2969970703125	178.03955078125	1.2454102039337158	-15.179634094238281
-0.9200000166893005	0.9599999785423279	True	0	0	48	True	348.302001953125	188.65966796875	-0.04790038987994194	-15.203583717346191
-0.9200000166893005	0.9599999785423279	True	0	0	48	True	348.3070068359375	191.71142578125	-0.9580078125	-11.9846773147583
-0.9200000166893005	0.9599999785423279	True	0	0	48	True	348.31201171875	183.837890625	-3.501518487930298	-11.931987762451172
-0.9200000166893005	0.9599999785423279	True	0	0	48	True	348.3179931640625	173.15673828125	0.8574169874191284	-8.114326477050781
-0.9200000166893005	0.9599999785423279	True	0	0	48	True	348.3219909667969	165.52734375	0.766406238079071	-12.621752738952637
-0.9200000166893005	0.9599999785423279	True	0	0	48	True	348.3269958496094	162.90283203125	-0.5412744283676147	-11.740386009216309
-0.9200000166893005	0.9599999785423279	True	0	0	48	True	348.33099365234375	166.6259765625	-0.5700146555900574	-11.773916244506836
-0.9200000166893005	0.9599999785423279	True	0	0	48	True	348.3370056152344	168.3349609375	-0.20597167313098907	-9.742938995361328
-0.9200000166893005	0.9599999785423279	True	0	0	48	True	348.3429870605469	174.8046875	2.8596532344818115	-6.174360275268555
-0.9200000166893005	0.9599999785423279	True	0	0	48	True	348.34698486328125	183.837890625	3.7170703411102295	-8.497529029846191
-0.9200000166893005	0.9599999785423279	True	0	0	48	True	348.35198974609375	187.744140625	-1.0202783346176147	-15.275434494018555
-0.9200000166893005	0.9599999785423279	True	0	0	48	True	348.3559875488281	188.04931640625	-3.7553906440734863	-12.415781021118164
-0.9200000166893005	0.9599999785423279	True	0	0	48	True	348.36199951171875	184.5703125	-3.8655614852905273	-13.03848648071289
-0.9200000166893005	0.9599999785423279	True	0	0	48	True	348.3680114746094	177.3681640625	-0.44068360328674316	-9.5704984664917
-0.9200000166893005	0.9599999785423279	True	0	0	48	True	348.37200927734375	174.4384765625	1.6717236042022705	-6.528823375701904
-0.9200000166893005	0.9599999785423279	True	0	0	48	True	348.37701416015625	173.828125	0.02395019493997097	-10.31295394897461
-0.9200000166893005	0.9599999785423279	True	0	0	48	True	348.3810119628906	172.42431640625	-0.18681152164936066	-13.06722640991211
-0.9200000166893005	0.9599999785423279	True	0	0	48	True	348.3869934082031	172.119140625	0.27303221821784973	-14.049184799194336
-0.9200000166893005	0.9599999785423279	True	0	0	48	True	348.39300537109375	172.42431640625	-0.4502636790275574	-9.168134689331055
-0.9200000166893005	0.9599999785423279	True	0	0	48	True	348.3970031738281	173.33984375	0.9963281154632568	-6.308481216430664
-0.9200000166893005	0.9599999785423279	True	0	0	48	True	348.4020080566406	179.26025390625	-1.207089900970459	-13.603711128234863
-0.9200000166893005	0.9599999785423279	True	0	0	48	True	348.4070129394531	189.8193359375	1.341210961341858	-14.11624526977539
-0.9200000166893005	0.9599999785423279	True	0	0	48	True	348.4119873046875	193.359375	1.906435489654541	-13.469590187072754
-0.9200000166893005	0.9599999785423279	True	0	0	48	True	348.4179992675781	190.00244140625	-1.939965844154358	-12.118799209594727
-0.9200000166893005	0.9599999785423279	True	0	0	48	True	348.4219970703125	181.15234375	-1.7052539587020874	-9.125024795532227
-0.9200000166893005	0.9599999785423279	True	0	0	48	True	348.427001953125	171.81396484375	-3.6979100704193115	-4.981640815734863
-0.9200000166893005	0.9599999785423279	True	0	0	48	True	348.4309997558594	171.81396484375	1.1208691596984863	-9.627978324890137
-0.9200000166893005	0.9599999785423279	True	0	0	48	True	348.43701171875	175.9033203125	1.5902929306030273	-18.1015567779541
-0.9200000166893005	0.9599999785423279	True	0	0	48	True	348.4429931640625	177.8564453125	2.9410839080810547	-16.214282989501953
-0.9200000166893005	0.9599999785423279	True	0	0	48	True	348.4469909667969	177.42919921875	-1.1352392435073853	-7.482040882110596
-0.9200000166893005	0.9599999785423279	True	0	0	48	True	348.4519958496094	180.6640625	-0.790356457233429	-1.930385708808899
-0.9200000166893005	0.9599999785423279	True	0	0	48	True	348.45599365234375	191.58935546875	-0.886157214641571	-6.576723575592041
-0.9200000166893005	0.9599999785423279	True	0	0	48	True	348.4620056152344	206.1767578125	1.1064990758895874	-9.536968231201172
-0.9200000166893005	0.9599999785423279	True	0	0	48	True	348.46600341796875	210.9375	0.47900390625	-12.339140892028809
-0.9200000166893005	0.9599999785423279	True	0	0	48	True	348.47198486328125	204.28466796875	-1.7771044969558716	-10.4087553024292
-0.9200000166893005	0.9599999785423279	True	0	0	48	True	348.47698974609375	194.15283203125	-3.4200878143310547	-10.945239067077637
-0.9200000166893005	0.9599999785423279	True	0	0	48	True	348.4809875488281	183.10546875	-4.330195426940918	-13.000165939331055
-0.9200000166893005	0.9599999785423279	True	0	0	48	True	348.48699951171875	176.6357421875	-3.041674852371216	-16.4058837890625
-0.9200000166893005	0.9599999785423279	True	0	0	48	True	348.4909973144531	176.513671875	1.6046631336212158	-12.118799209594727
-0.9200000166893005	0.9599999785423279	True	0	0	48	True	348.49700927734375	183.04443359375	1.6429834365844727	-9.68545913696289
-0.9200000166893005	0.9599999785423279	True	0	0	48	True	348.50201416015625	193.603515625	4.478686332702637	-5.417534351348877
-0.9200000166893005	0.9599999785423279	True	0	0	48	True	348.5060119628906	200.37841796875	2.2896387577056885	-7.031777381896973
-0.9200000166893005	0.9599999785423279	True	0	0	48	True	348.5119934082031	205.2001953125	-0.7999365329742432	-12.252920150756836
-0.9200000166893005	0.9599999785423279	True	0	0	48	True	348.5159912109375	205.2001953125	0.17244140803813934	-13.230088233947754
-0.9200000166893005	0.9599999785423279	True	0	0	48	True	348.5220031738281	198.30322265625	-1.7148339748382568	-8.0233154296875
-0.9200000166893005	0.9599999785423279	True	0	0	48	True	348.5270080566406	193.05419921875	-0.06706054508686066	-2.7399022579193115
-0.9200000166893005	0.9599999785423279	True	0	0	48	True	348.531005859375	194.091796875	-4.813989162445068	-6.260581016540527
-0.9200000166893005	0.9599999785423279	True	0	0	48	True	348.5369873046875	197.57080078125	-4.517006874084473	-15.898139953613281
-0.9200000166893005	0.9599999785423279	True	0	0	48	True	348.5409851074219	195.9228515625	2.9075536727905273	-18.034496307373047
-0.9200000166893005	0.9599999785423279	True	0	0	48	True	348.5469970703125	191.89453125	2.136357307434082	-14.374907493591309
-0.9200000166893005	0.9599999785423279	True	0	0	48	True	348.552001953125	187.68310546875	1.786684513092041	-5.839057445526123
-0.9200000166893005	0.9599999785423279	True	0	0	48	True	348.5559997558594	188.04931640625	-1.9447559118270874	-5.484594821929932
-0.9200000166893005	0.9599999785423279	True	0	0	48	True	348.56201171875	195.80078125	-4.176914215087891	-10.52371597290039
-0.9200000166893005	0.9599999785423279	True	0	0	48	True	348.5660095214844	201.72119140625	-0.15807129442691803	-12.377460479736328
-0.9200000166893005	0.9599999785423279	True	0	0	48	True	348.5719909667969	203.30810546875	2.883603572845459	-13.325888633728027
-0.9200000166893005	0.9599999785423279	True	0	0	48	True	348.5769958496094	199.40185546875	4.210444450378418	-8.650810241699219
-0.9200000166893005	0.9599999785423279	True	0	0	48	True	348.58099365234375	198.2421875	-1.9495458602905273	-6.389912128448486
-0.9200000166893005	0.9599999785423279	True	0	0	48	True	348.5870056152344	203.30810546875	-5.058281421661377	-10.116562843322754
-0.9200000166893005	0.9599999785423279	True	0	0	48	True	348.59100341796875	208.06884765625	-3.563789129257202	-12.209809303283691
-0.9200000166893005	0.9599999785423279	True	0	0	48	True	348.59698486328125	209.89990234375	2.543510675430298	-15.213164329528809
-0.9200000166893005	0.9599999785423279	True	0	0	48	True	348.60198974609375	204.58984375	2.605781316757202	-12.602592468261719
-0.9200000166893005	0.9599999785423279	True	0	0	48	True	348.6059875488281	201.47705078125	-1.8345849514007568	-7.822134017944336
-0.9200000166893005	0.9599999785423279	True	0	0	48	True	348.61199951171875	204.345703125	-2.1507275104522705	-7.328759670257568
-0.9200000166893005	0.9599999785423279	True	0	0	48	True	348.6159973144531	208.49609375	-2.586621046066284	-11.764335632324219
-0.9200000166893005	0.9599999785423279	True	0	0	48	True	348.62200927734375	213.07373046875	1.5855029821395874	-12.578642845153809
-0.9200000166893005	0.9599999785423279	True	0	0	48	True	348.62701416015625	211.7919921875	1.7435742616653442	-10.097402572631836
-0.9200000166893005	0.9599999785423279	True	0	0	48	True	348.6310119628906	209.9609375	-1.690883755683899	-6.514452934265137
-0.9200000166893005	0.9599999785423279	True	0	0	48	True	348.6369934082031	209.47265625	-1.7244141101837158	-10.4183349609375
-0.9200000166893005	0.9599999785423279	True	0	0	48	True	348.6409912109375	205.50537109375	1.1208691596984863	-12.674443244934082
-0.9200000166893005	0.9599999785423279	True	0	0	48	True	348.6470031738281	198.1201171875	2.1411473751068115	-16.678916931152344
-0.9200000166893005	0.9599999785423279	True	0	0	48	True	348.6510009765625	192.93212890625	-0.910107433795929	-9.1106538772583
-0.9200000166893005	0.9599999785423279	True	0	0	48	True	348.656005859375	195.9228515625	-1.2693603038787842	-8.804091453552246
-0.9200000166893005	0.9599999785423279	True	0	0	48	True	348.6619873046875	204.833984375	-0.28740233182907104	-7.917934417724609
-0.9200000166893005	0.9599999785423279	True	0	0	48	True	348.6659851074219	215.33203125	1.7387841939926147	-9.23519515991211
-0.9200000166893005	0.9599999785423279	True	0	0	48	True	348.6719970703125	221.00830078125	2.562670946121216	-8.449628829956055
-0.9200000166893005	0.9599999785423279	True	0	0	48	True	348.6759948730469	221.3134765625	-3.0273046493530273	-6.71084451675415
-0.9200000166893005	0.9599999785423279	True	0	0	48	True	348.6809997558594	218.44482421875	-5.26425313949585	-10.389595031738281
-0.9200000166893005	0.9599999785423279	True	0	0	48	True	348.68701171875	210.87646484375	-3.4727783203125	-16.01789093017578
-0.9200000166893005	0.9599999785423279	True	0	0	48	True	348.6910095214844	199.76806640625	-0.07185058295726776	-13.857583045959473
-0.9200000166893005	0.9599999785423279	True	0	0	48	True	348.6969909667969	188.3544921875	0.5029541254043579	-9.757309913635254
-0.9200000166893005	0.9599999785423279	True	0	0	48	True	348.70098876953125	188.29345703125	0.3496728539466858	-7.707172870635986
-0.9200000166893005	0.9599999785423279	True	0	0	48	True	348.70599365234375	199.951171875	-1.1591894626617432	-8.329877853393555
-0.9200000166893005	0.9599999785423279	True	0	0	48	True	348.7120056152344	214.2333984375	-2.1890478134155273	-9.920170783996582
-0.9200000166893005	0.9599999785423279	True	0	0	48	True	348.71600341796875	226.1962890625	3.1662158966064453	-8.51668930053711
-0.9200000166893005	0.9599999785423279	True	0	0	48	True	348.72198486328125	227.72216796875	1.2549902200698853	-7.534731388092041
-0.9200000166893005	0.9599999785423279	True	0	0	48	True	348.72601318359375	223.08349609375	-1.892065405845642	-6.356381893157959
-0.9200000166893005	0.9599999785423279	True	0	0	48	True	348.7309875488281	221.00830078125	-2.936293840408325	-8.943002700805664
-0.9200000166893005	0.9599999785423279	True	0	0	48	True	348.73699951171875	219.1162109375	-4.038002967834473	-11.778705596923828
-0.9200000166893005	0.9599999785423279	True	0	0	48	True	348.7409973144531	218.44482421875	0.5795947313308716	-12.142748832702637
-0.9200000166893005	0.9599999785423279	True	0	0	48	True	348.74700927734375	210.75439453125	-1.925595760345459	-11.711645126342773
-0.9200000166893005	0.9599999785423279	True	0	0	48	True	348.7510070800781	205.810546875	-1.3986914157867432	-6.849755764007568
-0.9200000166893005	0.9599999785423279	True	0	0	48	True	348.7560119628906	207.3974609375	1.460961937904358	-6.418652534484863
-0.9200000166893005	0.9599999785423279	True	0	0	48	True	348.7619934082031	213.31787109375	0.9723779559135437	-9.259145736694336
-0.9200000166893005	0.9599999785423279	True	0	0	48	True	348.7659912109375	219.78759765625	2.893183708190918	-10.159672737121582
-0.9200000166893005	0.9599999785423279	True	0	0	48	True	348.7720031738281	220.64208984375	-4.411625862121582	-9.532177925109863
-0.9200000166893005	0.9599999785423279	True	0	0	48	True	348.7760009765625	217.22412109375	-4.727768421173096	-11.194321632385254
-0.9200000166893005	0.9599999785423279	True	0	0	48	True	348.781005859375	210.44921875	-2.505190372467041	-10.154882431030273
-0.9200000166893005	0.9599999785423279	True	0	0	48	True	348.7869873046875	204.52880859375	-0.9053173661231995	-6.332431793212891
-0.9200000166893005	0.9599999785423279	True	0	0	48	True	348.7909851074219	200.25634765625	2.7015819549560547	-7.290439605712891
-0.9200000166893005	0.9599999785423279	True	0	0	48	True	348.7969970703125	205.26123046875	-4.105063438415527	-11.802656173706055
-0.9200000166893005	0.9599999785423279	True	0	0	48	True	348.8009948730469	212.82958984375	-1.8776953220367432	-17.076488494873047
-0.9200000166893005	0.9599999785423279	True	0	0	48	True	348.8059997558594	214.90478515625	-1.331630825996399	-14.509028434753418
-0.9200000166893005	0.9599999785423279	True	0	0	48	True	348.81201171875	214.2333984375	0.8238866925239563	-13.445639610290527
-0.9200000166893005	0.9599999785423279	True	0	0	48	True	348.8160095214844	209.8388671875	-1.2502001523971558	-12.042158126831055
-0.9200000166893005	0.9599999785423279	True	0	0	48	True	348.8219909667969	207.6416015625	-3.35302734375	-7.357500076293945
-0.9200000166893005	0.9599999785423279	True	0	0	48	True	348.82598876953125	209.1064453125	-1.7387841939926147	-8.760981559753418
-0.9200000166893005	0.9599999785423279	True	0	0	48	True	348.83099365234375	208.92333984375	-0.7568261623382568	-13.239667892456055
-0.9200000166893005	0.9599999785423279	True	0	0	48	True	348.83599853515625	211.60888671875	0.8286767601966858	-13.828843116760254
-0.9200000166893005	0.9599999785423279	True	0	0	48	True	348.84100341796875	213.92822265625	-1.1352392435073853	-9.393266677856445
-0.9200000166893005	0.9599999785423279	True	0	0	48	True	348.84698486328125	216.9189453125	-3.7889208793640137	-8.693921089172363
-0.9200000166893005	0.9599999785423279	True	0	0	48	True	348.85101318359375	218.68896484375	-2.826122999191284	-9.398056983947754
-0.9200000166893005	0.9599999785423279	True	0	0	48	True	348.8559875488281	216.552734375	0.4885839819908142	-7.42935037612915
-0.9200000166893005	0.9599999785423279	True	0	0	48	True	348.8609924316406	213.31787109375	-1.7675243616104126	-6.854546070098877
-0.9200000166893005	0.9599999785423279	True	0	0	48	True	348.8659973144531	211.12060546875	-2.4093897342681885	-7.994575023651123
-0.9200000166893005	0.9599999785423279	True	0	0	48	True	348.87200927734375	213.7451171875	-4.176914215087891	-14.451547622680664
-0.9200000166893005	0.9599999785423279	True	0	0	48	True	348.8760070800781	212.890625	-0.9915381073951721	-14.7389497756958
-0.9200000166893005	0.9599999785423279	True	0	0	48	True	348.8810119628906	211.48681640625	0.41194334626197815	-6.490502834320068
-0.9200000166893005	0.9599999785423279	True	0	0	48	True	348.885986328125	213.134765625	-0.8909472823143005	-6.629414081573486
-0.9200000166893005	0.9599999785423279	True	0	0	48	True	348.8909912109375	217.529296875	-1.5088622570037842	-10.380014419555664
-0.9200000166893005	0.9599999785423279	True	0	0	48	True	348.8970031738281	220.458984375	-4.847519397735596	-9.6902494430542
-0.9200000166893005	0.9599999785423279	True	0	0	48	True	348.9010009765625	221.19140625	1.0106981992721558	-9.316625595092773
-0.9200000166893005	0.9599999785423279	True	0	0	48	True	348.906005859375	221.00830078125	-0.3736230432987213	-6.744375228881836
-0.9200000166893005	0.9599999785423279	True	0	0	48	True	348.9110107421875	222.35107421875	-2.2513184547424316	-6.179150581359863
-0.9200000166893005	0.9599999785423279	True	0	0	48	True	348.9159851074219	222.900390625	-3.932621955871582	-12.525952339172363
-0.9200000166893005	0.9599999785423279	True	0	0	48	True	348.9219970703125	219.482421875	-3.822451114654541	-12.233759880065918
-0.9200000166893005	0.9599999785423279	True	0	0	48	True	348.9259948730469	212.34130859375	-2.423759698867798	-7.333549976348877
-0.9200000166893005	0.9599999785423279	True	0	0	48	True	348.9309997558594	207.09228515625	-1.092128872871399	-7.702383041381836
-0.9200000166893005	0.9599999785423279	True	0	0	48	True	348.9360046386719	211.42578125	-2.0788769721984863	-7.012617111206055
-0.9200000166893005	0.9599999785423279	True	0	0	48	True	348.9410095214844	218.8720703125	-0.5556445121765137	-9.048383712768555
-0.9200000166893005	0.9599999785423279	True	0	0	48	True	348.9469909667969	223.93798828125	-1.6381933689117432	-9.489067077636719
-0.9200000166893005	0.9599999785423279	True	0	0	48	True	348.95098876953125	226.07421875	0.790356457233429	-5.973178863525391
-0.9200000166893005	0.9599999785423279	True	0	0	48	True	348.95599365234375	225.5859375	-1.547182559967041	-6.34201192855835
-0.9200000166893005	0.9599999785423279	True	0	0	48	True	348.96099853515625	226.318359375	-4.325405120849609	-10.293793678283691
-0.9200000166893005	0.9599999785423279	True	0	0	48	True	348.96600341796875	224.7314453125	-3.980522394180298	-11.055410385131836
-0.9200000166893005	0.9599999785423279	True	0	0	48	True	348.97198486328125	219.6044921875	-1.8681151866912842	-8.171806335449219
-0.9200000166893005	0.9599999785423279	True	0	0	48	True	348.97601318359375	215.4541015625	-2.8596532344818115	-5.98275899887085
-0.9200000166893005	0.9599999785423279	True	0	0	48	True	348.9809875488281	211.48681640625	-0.3544628918170929	-6.969506740570068
-0.9200000166893005	0.9599999785423279	True	0	0	48	True	348.9859924316406	213.68408203125	-2.562670946121216	-8.7418212890625
-0.9200000166893005	0.9599999785423279	True	0	0	48	True	348.9909973144531	220.64208984375	-0.6227051019668579	-7.721542835235596
-0.9200000166893005	0.9599999785423279	True	0	0	48	True	348.99700927734375	228.1494140625	-1.5088622570037842	-8.689130783081055
-0.9200000166893005	0.9599999785423279	True	0	0	48	True	349.0010070800781	231.5673828125	-1.7627344131469727	-4.028422832489014
-0.9200000166893005	0.9599999785423279	True	0	0	48	True	349.0060119628906	233.7646484375	-2.8979735374450684	-8.052055358886719
-0.9200000166893005	0.9599999785423279	True	0	0	48	True	349.010986328125	229.91943359375	-4.574487209320068	-12.272080421447754
-0.9200000166893005	0.9599999785423279	True	0	0	48	True	349.0159912109375	222.47314453125	-0.30177247524261475	-9.848320007324219
-0.9200000166893005	0.9599999785423279	True	0	0	48	True	349.0199890136719	213.134765625	-1.6477733850479126	-7.041357517242432
-0.9200000166893005	0.9599999785423279	True	0	0	48	True	349.0260009765625	208.3740234375	-1.4322216510772705	-6.916816234588623
-0.9200000166893005	0.9599999785423279	True	0	0	48	True	349.031005859375	209.77783203125	-2.9267139434814453	-8.75619125366211
-0.9200000166893005	0.9599999785423279	True	0	0	48	True	349.0360107421875	215.087890625	-3.1997461318969727	-10.375225067138672
-0.9200000166893005	0.9599999785423279	True	0	0	48	True	349.0409851074219	217.22412109375	-1.7771044969558716	-9.95370101928711
-0.9200000166893005	0.9599999785423279	True	0	0	48	True	349.0450134277344	215.8203125	-1.571132779121399	-4.981640815734863
-0.9200000166893005	0.9599999785423279	True	0	0	48	True	349.0509948730469	217.28515625	-4.033212661743164	-5.173242092132568
-0.9200000166893005	0.9599999785423279	True	0	0	48	True	349.0559997558594	215.576171875	-3.7793407440185547	-8.646020889282227
-0.9200000166893005	0.9599999785423279	True	0	0	48	True	349.0610046386719	204.77294921875	-5.910908222198486	-8.569379806518555
-0.9200000166893005	0.9599999785423279	True	0	0	48	True	349.0660095214844	193.9697265625	-4.742138862609863	-9.915380477905273
-0.9200000166893005	0.9599999785423279	True	0	0	48	True	349.07000732421875	185.60791015625	-2.505190372467041	-7.822134017944336
-0.9200000166893005	0.9599999785423279	True	0	0	48	True	349.07598876953125	184.6923828125	-5.896538257598877	-13.795312881469727
-0.9200000166893005	0.9599999785423279	True	0	0	48	True	349.08099365234375	189.88037109375	-1.211879849433899	-11.165580749511719
-0.9200000166893005	0.9599999785423279	True	0	0	48	True	349.08599853515625	192.93212890625	-1.2262500524520874	-6.370751857757568
-0.9200000166893005	0.9599999785423279	True	0	0	48	True	349.09100341796875	195.00732421875	-1.0059082508087158	-6.116879940032959
-0.9200000166893005	0.9599999785423279	True	0	0	48	True	349.0950012207031	193.42041015625	-4.919370174407959	-6.787485122680664
-0.9200000166893005	0.9599999785423279	True	0	0	48	True	349.10101318359375	187.744140625	-6.476132869720459	-9.6902494430542
-0.9200000166893005	0.9599999785423279	True	0	0	48	True	349.10699462890625	177.734375	-6.270161151885986	-7.290439605712891
-0.9200000166893005	0.9599999785423279	True	0	0	48	True	349.1109924316406	166.015625	-2.735112190246582	-9.077123641967773
-0.9200000166893005	0.9599999785423279	True	0	0	48	True	349.1159973144531	158.8134765625	-4.157753944396973	-4.708608627319336
-0.9200000166893005	0.9599999785423279	True	0	0	48	True	349.1199951171875	162.04833984375	-1.7579443454742432	-5.446274280548096
-0.9200000166893005	0.9599999785423279	True	0	0	48	True	349.1260070800781	168.45703125	-5.422324180603027	-9.196874618530273
-0.9200000166893005	0.9599999785423279	True	0	0	48	True	349.1310119628906	175.10986328125	-0.16765137016773224	-8.660390853881836
-0.9200000166893005	0.9599999785423279	True	0	0	48	True	349.135986328125	179.13818359375	0.9723779559135437	-3.415297746658325
-0.9200000166893005	0.9599999785423279	True	0	0	48	True	349.1409912109375	180.7861328125	-3.482358455657959	-2.8069629669189453
-0.9200000166893005	0.9599999785423279	True	0	0	48	True	349.1449890136719	174.560546875	-5.532495021820068	-10.226733207702637
-0.9200000166893005	0.9599999785423279	True	0	0	48	True	349.1510009765625	164.4287109375	-5.455854415893555	-6.418652534484863
-0.9200000166893005	0.9599999785423279	True	0	0	48	True	349.156005859375	154.11376953125	-7.798183441162109	-7.132368087768555
-0.9200000166893005	0.9599999785423279	True	0	0	48	True	349.1610107421875	152.16064453125	-5.178032398223877	-7.022197246551514
